7 0.666406 0.000000 0.199219 0.142187
7 0.157031 0.000000 0.107031 0.178906
7 0.000000 0.000000 0.154688 0.122656
7 0.000000 0.000000 0.180469 0.174219
7 0.000000 0.378906 0.084375 0.181250
7 0.000000 0.346875 0.176563 0.137500
7 0.000000 0.628906 0.069531 0.191406
7 0.555469 0.939063 0.132812 0.149219
7 0.430469 1.000000 0.135937 0.154688
7 0.825000 1.000000 0.169531 0.122656
7 1.000000 0.140625 0.184375 0.142187
7 1.000000 1.000000 0.165625 0.112500
7 1.000000 1.000000 0.161719 0.178906
7 1.000000 0.000000 0.199219 0.114844
7 0.625781 0.155469 0.221094 0.127344
7 1.000000 0.484375 0.173437 0.166406
7 0.349219 0.000000 0.191406 0.068750
7 1.000000 0.000000 0.132812 0.092969
10 0.422656 1.000000 0.232031 0.174219