7 0.000000 0.000000 0.121094 0.254688
7 0.000000 0.000000 0.161719 0.125000
7 0.197656 0.000000 0.150781 0.149219
7 0.559375 0.000000 0.217188 0.103125
7 0.839844 0.163281 0.092188 0.198437
7 0.000000 0.482812 0.257812 0.107813
7 0.000000 0.317969 0.154688 0.196094
7 0.000000 0.340625 0.092188 0.217969
7 0.000000 0.742969 0.221094 0.090625
7 0.101562 0.755469 0.092188 0.275000
7 0.000000 1.000000 0.187500 0.122656
7 0.000000 1.000000 0.191406 0.092969
7 1.000000 0.480469 0.117969 0.139844
7 0.987500 0.684375 0.165625 0.120313
7 1.000000 1.000000 0.184375 0.090625
7 1.000000 1.000000 0.221094 0.122656
7 1.000000 1.000000 0.158594 0.125000
7 0.392969 1.000000 0.058594 0.183594
7 1.000000 1.000000 0.114062 0.181250
7 1.000000 0.890625 0.261719 0.117188
7 1.000000 0.257031 0.125000 0.181250
7 1.000000 0.000000 0.165625 0.174219
7 1.000000 0.227344 0.117969 0.139844
7 1.000000 0.875781 0.191406 0.088281