7 0.000000 0.000000 0.110156 0.230469
7 0.000000 0.000000 0.165625 0.082812
7 0.000000 0.385156 0.150781 0.237500
7 0.000000 0.000000 0.121094 0.208594
7 0.000000 0.424219 0.103125 0.217969
7 0.000000 0.866406 0.235937 0.100000
7 0.000000 0.618750 0.246875 0.137500
7 0.821875 0.208594 0.199219 0.110156
7 0.489063 0.000000 0.191406 0.125000
7 1.000000 0.382812 0.099219 0.210938
7 0.312500 0.937500 0.099219 0.289062
7 0.086719 1.000000 0.221094 0.110156
7 1.000000 0.964844 0.191406 0.103125
7 1.000000 0.778125 0.128906 0.112500
7 1.000000 1.000000 0.339062 0.134375
7 1.000000 0.532813 0.143750 0.151562
7 1.000000 0.000000 0.154688 0.215625