7 0.000000 0.117969 0.128906 0.112500
7 0.053125 0.385937 0.103125 0.090625
7 1.000000 0.103906 0.150781 0.171875
7 0.883594 0.000000 0.099219 0.181250
7 1.000000 0.000000 0.103125 0.159375
7 0.374219 0.800781 0.195312 0.100000
7 0.603125 0.921875 0.235937 0.080469
7 0.986719 0.597656 0.121094 0.161719
7 1.000000 0.231250 0.169531 0.103125
7 1.000000 0.845313 0.235937 0.095312
7 0.000000 1.000000 0.191406 0.146875
7 0.000000 1.000000 0.095312 0.149219
7 0.000000 0.832812 0.114062 0.176563
7 0.000000 0.542969 0.139844 0.112500
7 0.000000 0.000000 0.184375 0.117188
7 0.000000 0.000000 0.147656 0.114844
7 0.000000 1.000000 0.184375 0.100000
7 0.322656 1.000000 0.147656 0.151562
7 0.134375 1.000000 0.110156 0.161719
7 1.000000 1.000000 0.165625 0.127344
7 1.000000 1.000000 0.158594 0.046094
7 0.000000 0.000000 0.235937 0.117188
7 1.000000 0.000000 0.110156 0.071094
7 0.000000 0.803906 0.117969 0.071094
7 0.000000 0.100781 0.206250 0.092969
7 0.000000 1.000000 0.150781 0.149219
10 0.000000 1.000000 0.199219 0.157031