7 0.257812 0.000000 0.173437 0.085938
7 0.058594 0.000000 0.143750 0.181250
7 0.000000 0.021094 0.154688 0.139844
7 0.000000 0.227344 0.184375 0.213281
7 0.000000 0.558594 0.214062 0.161719
7 0.567969 0.303125 0.154688 0.168750
7 0.431250 1.000000 0.095312 0.166406
7 0.320312 1.000000 0.154688 0.144531
7 0.000000 0.733594 0.103125 0.159375
7 0.000000 0.691406 0.139844 0.164062
7 0.000000 0.951562 0.092188 0.183594
7 1.000000 0.524219 0.187500 0.114844
7 1.000000 0.882812 0.176563 0.171875
7 0.974219 0.816406 0.176563 0.235156
7 0.963281 0.000000 0.147656 0.092969
7 1.000000 0.000000 0.232031 0.080469
7 0.723437 1.000000 0.176563 0.103125
7 1.000000 1.000000 0.154688 0.220312
7 0.516406 0.514844 0.191406 0.114844
7 1.000000 0.000000 0.246875 0.082812
7 0.051562 0.959375 0.132812 0.154688