7 0.341406 0.108594 0.161719 0.095312
7 0.725000 0.356250 0.139844 0.088281
7 1.000000 0.027344 0.099219 0.159375
7 1.000000 0.000000 0.114062 0.159375
7 1.000000 0.774219 0.161719 0.095312
7 1.000000 0.901563 0.235937 0.046094
7 1.000000 1.000000 0.158594 0.154688
7 0.817187 1.000000 0.073438 0.137500
7 0.000000 1.000000 0.147656 0.095312
7 0.000000 0.596875 0.150781 0.120313
7 0.400000 1.000000 0.176563 0.154688
7 0.000000 0.867188 0.110156 0.159375
7 0.000000 0.000000 0.169531 0.088281
7 0.071875 0.000000 0.187500 0.065625
7 0.000000 0.000000 0.125000 0.090625
7 1.000000 0.545312 0.099219 0.157031
7 0.000000 1.000000 0.080469 0.193750
10 0.000000 1.000000 0.150781 0.146875