7 0.000000 0.000000 0.117969 0.198437
7 0.000000 0.000000 0.191406 0.137500
7 0.000000 0.000000 0.221094 0.105469
7 0.000000 0.296094 0.080469 0.191406
7 0.000000 0.480469 0.173437 0.154688
7 0.000000 0.000000 0.117969 0.161719
7 0.760156 0.000000 0.158594 0.117188
7 0.047656 0.629687 0.195312 0.103125
7 0.000000 1.000000 0.184375 0.154688
7 0.000000 1.000000 0.161719 0.181250
7 0.402344 1.000000 0.099219 0.178906
7 0.885938 1.000000 0.173437 0.164062
7 0.689844 1.000000 0.169531 0.095312
7 1.000000 1.000000 0.107031 0.174219
7 1.000000 0.811719 0.080469 0.159375
7 0.678906 0.214844 0.095312 0.068750
7 1.000000 0.180469 0.210156 0.134375
7 1.000000 0.310937 0.246875 0.063281
7 1.000000 0.578125 0.147656 0.157031
7 1.000000 0.000000 0.139844 0.100000
7 1.000000 0.000000 0.128906 0.161719
7 1.000000 0.691406 0.214062 0.053906
7 0.000000 0.000000 0.080469 0.183594
7 0.000000 0.000000 0.128906 0.178906
7 0.907813 1.000000 0.161719 0.198437
10 0.000000 1.000000 0.214062 0.146875