7 0.000000 0.178906 0.080469 0.171875
7 0.000000 0.372656 0.184375 0.132031
7 0.029687 0.517969 0.169531 0.097656
7 0.000000 1.000000 0.239844 0.142187
7 0.000000 1.000000 0.169531 0.176563
7 0.365625 1.000000 0.095312 0.171875
7 0.875000 1.000000 0.184375 0.149219
7 0.671875 1.000000 0.147656 0.065625
7 1.000000 0.682031 0.080469 0.137500
7 1.000000 0.439063 0.180469 0.183594
7 1.000000 0.046094 0.195312 0.129688
7 1.000000 0.173437 0.265625 0.080469
7 0.738281 0.000000 0.158594 0.139844
7 0.000000 0.000000 0.199219 0.137500
7 0.000000 0.000000 0.214062 0.103125
7 1.000000 1.000000 0.125000 0.161719
7 1.000000 1.000000 0.217188 0.157031
7 1.000000 1.000000 0.125000 0.220312
7 1.000000 0.583594 0.187500 0.065625
7 1.000000 0.000000 0.147656 0.183594
7 1.000000 0.000000 0.135937 0.092969
7 0.000000 0.000000 0.073438 0.174219
7 0.000000 0.000000 0.125000 0.144531
10 0.000000 1.000000 0.214062 0.161719