7 0.000000 0.000000 0.176563 0.230469
7 0.000000 0.000000 0.187500 0.161719
7 0.000000 0.000000 0.150781 0.176563
7 0.000000 1.000000 0.217188 0.174219
7 0.000000 1.000000 0.135937 0.146875
7 0.000000 0.692187 0.154688 0.154688
7 0.878906 0.000000 0.173437 0.132031
7 0.000000 0.000000 0.202344 0.110156
7 0.314063 0.000000 0.147656 0.117188
7 1.000000 0.449219 0.206250 0.122656
7 1.000000 0.610938 0.317188 0.095312
7 1.000000 0.873437 0.180469 0.161719
7 1.000000 1.000000 0.092188 0.146875
7 0.000000 0.483594 0.099219 0.171875
7 0.000000 0.161719 0.125000 0.132031
7 0.000000 0.000000 0.088281 0.161719
7 0.000000 0.000000 0.254688 0.107813
7 1.000000 0.183594 0.150781 0.189062
7 0.919531 1.000000 0.184375 0.159375
7 0.705469 1.000000 0.176563 0.100000
7 0.388281 1.000000 0.088281 0.166406
7 0.403125 1.000000 0.121094 0.171875
7 0.082031 0.846875 0.187500 0.092969
7 0.000000 0.122656 0.088281 0.181250
7 0.000000 1.000000 0.169531 0.107813
7 0.351562 0.000000 0.176563 0.171875
7 0.786719 0.110156 0.099219 0.193750
7 1.000000 0.000000 0.165625 0.122656
10 0.000000 1.000000 0.206250 0.157031