7 0.000000 0.000000 0.139844 0.198437
7 0.000000 0.000000 0.158594 0.164062
7 0.000000 0.000000 0.154688 0.213281
7 1.000000 0.000000 0.161719 0.127344
7 0.000000 0.751563 0.132812 0.196094
7 0.205469 1.000000 0.173437 0.068750
7 0.000000 0.451562 0.117969 0.107813
7 0.000000 0.169531 0.099219 0.151562
7 0.000000 0.412500 0.095312 0.157031
7 0.005469 0.000000 0.232031 0.149219
7 0.064844 0.000000 0.180469 0.134375
7 1.000000 1.000000 0.173437 0.166406
7 1.000000 0.803125 0.265625 0.125000
7 1.000000 0.985156 0.298438 0.090625
7 0.507812 1.000000 0.128906 0.154688
7 0.000000 1.000000 0.125000 0.174219
7 0.000000 0.962500 0.169531 0.142187
7 1.000000 0.287500 0.128906 0.117188
7 0.475000 0.285156 0.161719 0.185938
7 0.511719 1.000000 0.150781 0.181250
7 0.847656 1.000000 0.191406 0.107813
7 1.000000 1.000000 0.084375 0.149219
7 0.467187 0.000000 0.143750 0.105469
7 0.000000 1.000000 0.191406 0.142187
10 0.000000 1.000000 0.235937 0.157031