7 0.568750 0.000000 0.150781 0.132031
7 0.000000 0.295312 0.088281 0.191406
7 0.000000 0.494531 0.173437 0.189062
7 0.000000 0.646875 0.165625 0.112500
7 1.000000 0.000000 0.180469 0.196094
7 1.000000 0.000000 0.158594 0.157031
7 1.000000 0.283594 0.184375 0.058594
7 1.000000 0.435156 0.283594 0.071094
7 1.000000 0.681250 0.180469 0.166406
7 0.978125 0.853125 0.054688 0.142187
7 0.110937 1.000000 0.110156 0.127344
7 0.561719 1.000000 0.180469 0.139844
7 0.000000 1.000000 0.180469 0.164062
7 0.000000 1.000000 0.191406 0.166406
7 0.857031 1.000000 0.121094 0.176563
7 0.590625 1.000000 0.128906 0.189062
7 0.930469 0.000000 0.173437 0.142187
7 0.000000 0.000000 0.195312 0.132031
7 0.000000 0.000000 0.221094 0.129688
7 1.000000 0.086719 0.139844 0.164062
7 0.000000 0.000000 0.147656 0.117188
7 0.000000 0.000000 0.132812 0.189062
7 0.000000 0.000000 0.154688 0.198437
7 1.000000 0.838281 0.173437 0.080469
7 0.387500 1.000000 0.158594 0.088281
10 0.000000 1.000000 0.187500 0.154688