7 0.234375 0.000000 0.173437 0.166406
7 0.008594 0.000000 0.099219 0.149219
7 0.000000 0.000000 0.228125 0.168750
7 0.000000 0.227344 0.117969 0.198437
7 1.000000 0.168750 0.228125 0.105469
7 0.000000 1.000000 0.114062 0.217969
7 0.000000 1.000000 0.128906 0.174219
7 1.000000 0.600781 0.206250 0.082812
7 1.000000 0.435937 0.199219 0.132031
7 0.743750 0.954688 0.139844 0.125000
7 0.832031 0.539062 0.143750 0.063281
7 0.710156 0.082812 0.135937 0.262500
7 0.517969 1.000000 0.217188 0.134375
7 0.000000 1.000000 0.132812 0.142187
7 1.000000 0.000000 0.272656 0.164062
7 0.000000 0.000000 0.125000 0.189062
7 0.000000 0.760156 0.161719 0.120313
7 0.000000 0.622656 0.225000 0.176563
7 0.000000 0.025781 0.135937 0.193750
7 0.000000 0.418750 0.184375 0.193750