7 0.721875 0.000000 0.191406 0.114844
7 0.946875 0.150000 0.239844 0.075781
7 0.666406 0.346875 0.150781 0.161719
7 0.452344 0.538281 0.084375 0.191406
7 0.002344 0.997656 0.147656 0.164062
7 0.020313 1.000000 0.202344 0.198437
7 0.278906 1.000000 0.110156 0.203125
7 0.400781 0.000000 0.161719 0.132031
7 0.013281 0.000000 0.214062 0.088281
7 1.000000 0.000000 0.180469 0.146875
7 0.000000 0.000000 0.128906 0.100000
7 0.000000 1.000000 0.161719 0.245312
7 0.000000 0.987500 0.080469 0.181250
7 1.000000 0.000000 0.135937 0.142187
7 0.000000 0.255469 0.169531 0.105469
7 0.000000 0.860156 0.154688 0.110156