7 0.000000 0.389844 0.161719 0.144531
7 0.000000 0.596094 0.165625 0.198437
7 0.000000 1.000000 0.191406 0.200781
7 0.000000 1.000000 0.084375 0.151562
7 0.521875 1.000000 0.107031 0.213281
7 0.407813 1.000000 0.187500 0.178906
7 1.000000 0.000000 0.206250 0.284375
7 0.100781 0.000000 0.221094 0.088281
7 0.104688 0.046094 0.154688 0.178906
7 0.292969 0.000000 0.173437 0.090625
7 1.000000 0.915625 0.232031 0.114844
7 1.000000 0.000000 0.217188 0.112500
7 1.000000 0.000000 0.217188 0.095312
7 0.614062 0.699219 0.206250 0.071094
7 0.222656 0.000000 0.150781 0.063281
7 0.000000 0.945312 0.225000 0.164062
7 0.581250 0.885938 0.225000 0.105469
7 0.000000 1.000000 0.073438 0.157031
7 1.000000 0.276562 0.143750 0.095312
7 1.000000 1.000000 0.161719 0.269531