7 0.000000 0.000000 0.184375 0.166406
7 0.000000 0.000000 0.147656 0.174219
7 0.000000 0.025781 0.110156 0.208594
7 0.000000 0.239844 0.110156 0.196094
7 0.000000 0.000000 0.147656 0.215625
7 0.000000 0.775000 0.195312 0.134375
7 0.000000 0.613281 0.080469 0.178906
7 0.186719 0.964063 0.184375 0.095312
7 0.000000 0.274219 0.173437 0.107813
7 0.009375 0.000000 0.210156 0.139844
7 0.075781 0.000000 0.165625 0.149219
7 1.000000 0.637500 0.250781 0.114844
7 1.000000 0.833594 0.302344 0.090625
7 1.000000 0.000000 0.187500 0.129688
7 1.000000 0.121875 0.161719 0.137500
7 0.482031 0.000000 0.154688 0.114844
7 1.000000 1.000000 0.180469 0.142187
7 1.000000 1.000000 0.095312 0.164062
7 0.482031 1.000000 0.084375 0.174219
7 0.828906 1.000000 0.202344 0.110156
7 1.000000 1.000000 0.232031 0.157031
7 0.489063 1.000000 0.135937 0.174219
7 0.000000 1.000000 0.125000 0.185938
7 0.000000 1.000000 0.169531 0.157031
7 0.471094 0.119531 0.128906 0.149219
10 0.000000 1.000000 0.217188 0.181250