7 0.192188 0.000000 0.080469 0.154688
7 0.387500 0.000000 0.114062 0.196094
7 0.000000 0.113281 0.176563 0.105469
7 0.000000 0.348438 0.210156 0.154688
7 0.000000 0.768750 0.187500 0.129688
7 0.727344 0.002344 0.139844 0.142187
7 0.380469 0.523438 0.143750 0.171875
7 0.000000 1.000000 0.176563 0.185938
7 0.000000 1.000000 0.073438 0.159375
7 1.000000 0.689844 0.221094 0.097656
7 1.000000 0.000000 0.114062 0.110156
7 1.000000 0.103125 0.199219 0.107813
7 0.036719 0.869531 0.199219 0.065625
7 1.000000 0.272656 0.184375 0.183594