7 0.914844 0.000000 0.154688 0.232813
7 0.000000 0.308594 0.147656 0.120313
7 0.000000 0.507031 0.165625 0.181250
7 0.135937 1.000000 0.173437 0.151562
7 0.550000 1.000000 0.187500 0.139844
7 0.232031 1.000000 0.125000 0.198437
7 0.000000 1.000000 0.088281 0.178906
7 0.000000 1.000000 0.092188 0.174219
7 0.000000 0.000000 0.150781 0.191406
7 0.000000 0.000000 0.184375 0.110156
7 0.021875 0.000000 0.161719 0.110156
7 1.000000 0.779687 0.191406 0.114844
7 1.000000 1.000000 0.206250 0.127344
7 0.339062 0.592969 0.187500 0.114844
7 1.000000 0.000000 0.232031 0.105469
7 1.000000 0.000000 0.214062 0.146875
7 1.000000 0.000000 0.246875 0.122656
7 0.726562 0.178125 0.158594 0.092969
7 0.785937 1.000000 0.169531 0.267188
7 0.291406 0.789844 0.195312 0.103125