7 0.000000 0.000000 0.306250 0.110156
7 0.000000 0.000000 0.128906 0.303906
7 0.000000 0.000000 0.221094 0.114844
7 0.394531 0.000000 0.184375 0.144531
7 0.531250 0.000000 0.088281 0.142187
7 0.475781 0.000000 0.214062 0.065625
7 0.550000 0.000000 0.202344 0.122656
7 0.000000 0.000000 0.084375 0.164062
7 0.092188 0.162500 0.221094 0.092969
7 0.325000 0.243750 0.084375 0.200781
7 0.446875 0.314844 0.117969 0.185938
7 0.605469 0.037500 0.147656 0.100000
7 1.000000 0.000000 0.121094 0.203125
7 1.000000 0.000000 0.228125 0.097656
7 1.000000 0.671094 0.154688 0.068750
7 1.000000 0.902344 0.217188 0.085938
7 0.000000 0.975781 0.121094 0.203125
7 0.000000 1.000000 0.135937 0.164062
7 0.000000 0.509375 0.139844 0.048438
7 0.875000 1.000000 0.161719 0.137500
7 1.000000 1.000000 0.154688 0.171875
7 1.000000 1.000000 0.139844 0.063281
7 1.000000 0.000000 0.176563 0.080469
7 1.000000 0.172656 0.143750 0.105469
7 0.000000 0.000000 0.176563 0.159375
7 0.000000 1.000000 0.165625 0.120313