7 0.000000 0.000000 0.291406 0.103125
7 0.000000 0.000000 0.099219 0.267188
7 0.000000 0.000000 0.217188 0.125000
7 0.000000 0.000000 0.173437 0.181250
7 0.665625 0.000000 0.158594 0.127344
7 0.821094 0.000000 0.117969 0.137500
7 0.758594 0.000000 0.195312 0.078125
7 0.821094 0.000000 0.184375 0.107813
7 0.359375 0.182031 0.195312 0.082812
7 0.134375 0.000000 0.088281 0.142187
7 0.000000 1.000000 0.150781 0.166406
7 0.717969 0.319531 0.125000 0.193750
7 0.887500 0.035156 0.125000 0.112500
7 1.000000 0.000000 0.107031 0.208594
7 1.000000 0.000000 0.242969 0.114844
7 1.000000 1.000000 0.165625 0.065625
7 1.000000 0.916406 0.176563 0.085938
7 1.000000 0.199219 0.143750 0.125000
7 1.000000 1.000000 0.114062 0.176563
7 0.237500 0.975781 0.092188 0.225781
7 0.000000 1.000000 0.135937 0.151562
7 1.000000 1.000000 0.165625 0.127344
7 0.000000 0.550781 0.242969 0.097656
7 1.000000 0.700000 0.132812 0.071094
7 0.425781 0.514062 0.173437 0.085938