7 0.345313 0.550000 0.165625 0.117188
7 1.000000 0.066406 0.066406 0.171875
7 1.000000 0.071094 0.121094 0.284375
7 0.046094 0.000000 0.261719 0.082812
7 0.411719 0.000000 0.169531 0.097656
7 0.000000 0.000000 0.165625 0.228125
7 1.000000 1.000000 0.184375 0.125000
7 1.000000 1.000000 0.228125 0.092969
7 1.000000 1.000000 0.195312 0.232813
7 0.880469 1.000000 0.084375 0.157031
7 1.000000 0.380469 0.139844 0.154688
7 0.000000 0.034375 0.180469 0.110156
7 0.000000 1.000000 0.180469 0.161719
7 0.703125 0.773438 0.125000 0.103125
7 0.000000 0.454688 0.225000 0.080469
7 0.000000 1.000000 0.191406 0.092969
7 0.000000 1.000000 0.187500 0.120313
7 1.000000 0.916406 0.125000 0.149219