7 0.000000 0.000000 0.161719 0.088281
7 0.000000 0.000000 0.117969 0.181250
7 0.000000 0.000000 0.161719 0.127344
7 0.000000 0.000000 0.150781 0.191406
7 0.000000 0.367969 0.143750 0.161719
7 0.000000 0.647656 0.077344 0.166406
7 0.000000 0.421875 0.080469 0.193750
7 0.000000 1.000000 0.154688 0.120313
7 0.157031 0.198437 0.228125 0.103125
7 0.976562 0.000000 0.187500 0.078125
7 1.000000 0.200781 0.173437 0.095312
7 1.000000 0.515625 0.180469 0.137500
7 1.000000 1.000000 0.261719 0.092969
7 1.000000 1.000000 0.195312 0.157031
7 1.000000 1.000000 0.069531 0.168750
7 0.607812 0.507812 0.161719 0.174219
7 0.193750 0.018750 0.135937 0.095312
7 0.603906 0.000000 0.154688 0.080469
7 0.330469 1.000000 0.165625 0.095312
7 0.663281 1.000000 0.125000 0.185938
7 0.046094 0.989062 0.095312 0.193750
10 0.000000 1.000000 0.225000 0.154688