7 0.000000 1.000000 0.191406 0.189062
7 0.000000 0.443750 0.173437 0.139844
7 0.557031 0.000000 0.165625 0.132031
7 1.000000 0.303906 0.202344 0.105469
7 1.000000 0.428906 0.217188 0.090625
7 1.000000 0.650000 0.176563 0.134375
7 0.944531 0.836719 0.095312 0.122656
7 0.058594 1.000000 0.084375 0.166406
7 0.000000 1.000000 0.180469 0.127344
7 0.512500 1.000000 0.232031 0.139844
7 0.796875 1.000000 0.110156 0.189062
7 0.000000 0.000000 0.132812 0.181250
7 0.000000 0.000000 0.180469 0.146875
7 0.000000 0.000000 0.242969 0.146875
7 0.000000 0.264062 0.125000 0.196094
7 1.000000 0.000000 0.132812 0.215625
7 1.000000 0.000000 0.191406 0.139844
7 0.892969 0.000000 0.132812 0.125000
7 0.339062 1.000000 0.147656 0.092969
7 0.000000 0.600781 0.165625 0.105469
7 0.000000 0.716406 0.080469 0.107813
7 0.117969 0.821875 0.169531 0.232813
7 0.000000 0.000000 0.150781 0.092969
7 0.000000 0.000000 0.114062 0.181250
7 1.000000 0.087500 0.114062 0.144531
7 0.524219 1.000000 0.161719 0.213281
10 0.000000 1.000000 0.206250 0.178906