7 0.000000 0.000000 0.246875 0.117188
7 0.000000 0.000000 0.272656 0.159375
7 0.000000 0.000000 0.169531 0.107813
7 0.000000 0.000000 0.047656 0.303906
7 0.000000 0.064062 0.199219 0.105469
7 0.053125 0.000000 0.173437 0.132031
7 0.196875 0.000000 0.147656 0.132031
7 0.000000 0.000000 0.095312 0.260156
7 0.581250 0.000000 0.117969 0.215625
7 0.101562 0.216406 0.210156 0.075781
7 0.189844 0.142187 0.232031 0.120313
7 0.000000 0.380469 0.080469 0.196094
7 0.000000 0.685156 0.268750 0.092969
7 0.000000 1.000000 0.107031 0.185938
7 0.000000 1.000000 0.184375 0.189062
7 0.000000 1.000000 0.169531 0.073438
7 0.000000 0.761719 0.099219 0.171875
7 0.097656 0.837500 0.107031 0.174219
7 0.234375 0.547656 0.158594 0.122656
7 0.658594 0.385937 0.147656 0.127344
7 1.000000 0.000000 0.217188 0.085938
7 1.000000 0.000000 0.150781 0.176563
7 0.891406 0.000000 0.187500 0.060937
7 1.000000 1.000000 0.199219 0.082812
7 1.000000 0.380469 0.180469 0.097656
7 1.000000 1.000000 0.184375 0.063281
7 1.000000 0.092969 0.242969 0.078125
7 1.000000 0.000000 0.287500 0.127344
7 1.000000 0.000000 0.088281 0.235156
7 1.000000 0.704688 0.187500 0.122656
7 0.000000 0.432031 0.221094 0.154688