7 0.000000 0.000000 0.117969 0.215625
7 0.000000 0.000000 0.180469 0.112500
7 0.262500 0.000000 0.187500 0.151562
7 0.613281 0.089063 0.184375 0.107813
7 0.930469 0.253125 0.107031 0.208594
7 0.000000 0.422656 0.176563 0.223438
7 0.000000 0.430469 0.128906 0.200781
7 0.000000 0.585156 0.268750 0.114844
7 0.000000 0.850000 0.295312 0.090625
7 0.170313 0.838281 0.128906 0.271875
7 0.000000 1.000000 0.206250 0.161719
7 0.494531 1.000000 0.062500 0.196094
7 1.000000 0.789062 0.173437 0.092969
7 1.000000 0.600000 0.143750 0.125000
7 1.000000 0.329688 0.135937 0.149219
7 1.000000 0.000000 0.154688 0.085938
7 1.000000 0.147656 0.099219 0.240625
7 1.000000 0.400781 0.187500 0.161719
7 1.000000 1.000000 0.276562 0.117188
7 1.000000 0.997656 0.210156 0.078125
7 1.000000 1.000000 0.191406 0.078125
7 1.000000 1.000000 0.232031 0.134375
7 1.000000 1.000000 0.103125 0.252344