7 0.498437 0.000000 0.199219 0.129688
7 0.778906 0.000000 0.095312 0.215625
7 0.062500 0.000000 0.095312 0.247656
7 0.000000 0.237500 0.195312 0.117188
7 0.000000 0.000000 0.280469 0.063281
7 0.342969 0.544531 0.084375 0.144531
7 0.542969 0.851562 0.239844 0.078125
7 0.793750 0.947656 0.066406 0.191406
7 0.922656 1.000000 0.128906 0.203125
7 0.885938 0.000000 0.173437 0.103125
7 1.000000 0.000000 0.121094 0.134375
7 0.000000 0.000000 0.228125 0.129688
7 0.413281 1.000000 0.092188 0.203125
7 0.960156 0.385156 0.217188 0.090625
7 1.000000 0.278906 0.225000 0.122656
7 1.000000 0.714063 0.117969 0.103125
7 1.000000 0.532031 0.139844 0.151562
7 1.000000 0.141406 0.250781 0.090625
7 1.000000 0.000000 0.132812 0.178906
7 1.000000 0.000000 0.117969 0.164062
7 1.000000 1.000000 0.191406 0.039062
7 1.000000 1.000000 0.187500 0.046094
7 0.000000 1.000000 0.217188 0.090625
7 1.000000 0.146875 0.169531 0.073438
7 0.000000 0.937500 0.180469 0.117188
7 0.000000 0.615625 0.165625 0.149219
7 0.000000 0.372656 0.158594 0.161719
7 1.000000 0.910156 0.154688 0.129688
7 0.904687 1.000000 0.088281 0.284375
7 0.594531 1.000000 0.217188 0.071094