7 0.000000 0.201563 0.180469 0.146875
7 0.000000 0.371094 0.110156 0.154688
7 0.414844 1.000000 0.161719 0.142187
7 0.333594 0.000000 0.143750 0.056250
7 0.149219 0.000000 0.180469 0.080469
7 1.000000 0.000000 0.161719 0.237500
7 0.640625 0.491406 0.199219 0.125000
7 0.617969 0.702344 0.214062 0.114844
7 0.000000 0.859375 0.154688 0.117188
7 0.153125 0.000000 0.125000 0.157031
7 0.529687 1.000000 0.088281 0.235156
7 0.850781 1.000000 0.176563 0.120313
7 0.145313 1.000000 0.150781 0.122656
7 0.000000 0.903906 0.117969 0.159375
7 1.000000 0.000000 0.217188 0.097656
7 1.000000 0.000000 0.257812 0.097656
7 1.000000 0.081250 0.121094 0.132031
7 0.000000 0.739062 0.239844 0.191406
7 0.000000 1.000000 0.066406 0.203125