7 0.000000 0.000000 0.165625 0.230469
7 0.815625 0.000000 0.184375 0.157031
7 0.000000 0.000000 0.161719 0.105469
7 0.000000 0.000000 0.225000 0.127344
7 0.000000 0.007812 0.125000 0.129688
7 0.000000 0.523438 0.150781 0.112500
7 0.032813 0.688281 0.199219 0.105469
7 1.000000 0.289844 0.225000 0.100000
7 1.000000 0.437500 0.291406 0.058594
7 1.000000 0.700000 0.180469 0.146875
7 1.000000 0.000000 0.150781 0.191406
7 1.000000 0.000000 0.135937 0.129688
7 0.299219 0.000000 0.210156 0.191406
7 0.000000 0.000000 0.095312 0.210938
7 0.000000 0.326562 0.080469 0.196094
7 0.000000 1.000000 0.180469 0.174219
7 0.000000 1.000000 0.199219 0.117188
7 0.660937 1.000000 0.195312 0.097656
7 0.860156 1.000000 0.217188 0.149219
7 0.346875 1.000000 0.103125 0.168750
7 1.000000 0.921094 0.062500 0.151562
7 0.000000 0.000000 0.092188 0.189062
7 0.353906 0.901563 0.132812 0.191406
10 0.000000 1.000000 0.202344 0.168750