7 0.766406 1.000000 0.103125 0.171875
7 0.452344 1.000000 0.180469 0.142187
7 0.297656 1.000000 0.173437 0.112500
7 0.000000 1.000000 0.054688 0.176563
7 0.000000 1.000000 0.221094 0.151562
7 0.000000 1.000000 0.202344 0.185938
7 0.000000 0.261719 0.176563 0.139844
7 0.000000 0.092969 0.121094 0.215625
7 0.000000 0.416406 0.158594 0.105469
7 0.434375 0.000000 0.195312 0.171875
7 1.000000 0.000000 0.128906 0.174219
7 1.000000 0.050781 0.206250 0.085938
7 1.000000 0.200781 0.283594 0.095312
7 1.000000 0.446094 0.173437 0.185938
7 0.877344 0.632812 0.066406 0.161719
7 1.000000 1.000000 0.254688 0.088281
7 1.000000 1.000000 0.095312 0.198437
7 0.796094 0.000000 0.139844 0.117188
7 0.338281 0.060937 0.080469 0.065625
7 0.000000 0.000000 0.225000 0.127344
7 0.000000 0.000000 0.195312 0.092969
7 0.334375 0.000000 0.054688 0.193750
7 0.000000 0.000000 0.180469 0.151562
7 1.000000 0.585938 0.176563 0.053906
7 1.000000 1.000000 0.154688 0.142187
7 0.000000 0.603125 0.121094 0.168750
7 0.334375 1.000000 0.158594 0.178906
10 0.000000 0.964844 0.214062 0.149219