7 0.000000 0.000000 0.099219 0.292187
7 0.000000 0.000000 0.195312 0.122656
7 0.349219 0.000000 0.176563 0.146875
7 0.426563 0.000000 0.165625 0.071094
7 0.515625 0.000000 0.221094 0.139844
7 0.548438 0.000000 0.158594 0.097656
7 0.316406 0.072656 0.143750 0.159375
7 0.046875 0.000000 0.217188 0.105469
7 0.000000 0.000000 0.073438 0.198437
7 1.000000 0.000000 0.242969 0.125000
7 1.000000 0.000000 0.165625 0.088281
7 0.947656 0.000000 0.121094 0.198437
7 0.000000 1.000000 0.125000 0.166406
7 0.000000 0.375000 0.202344 0.095312
7 0.000000 0.000000 0.191406 0.215625
7 0.000000 0.000000 0.239844 0.082812
7 1.000000 0.711719 0.143750 0.085938
7 1.000000 0.480469 0.161719 0.092969
7 1.000000 0.000000 0.114062 0.120313
7 1.000000 1.000000 0.169531 0.088281
7 1.000000 1.000000 0.117969 0.157031
7 0.843750 1.000000 0.147656 0.134375
7 1.000000 1.000000 0.147656 0.228125
7 0.120313 0.330469 0.180469 0.073438
7 1.000000 0.000000 0.161719 0.085938