7 0.177344 0.000000 0.239844 0.075781
7 0.528125 0.000000 0.214062 0.110156
7 0.915625 0.000000 0.184375 0.095312
7 1.000000 0.393750 0.242969 0.193750
7 0.000000 1.000000 0.117969 0.210938
7 0.000000 0.710938 0.158594 0.085938
7 0.000000 0.067187 0.147656 0.075781
7 0.000000 0.000000 0.099219 0.225781
7 1.000000 1.000000 0.217188 0.134375
7 0.716406 1.000000 0.225000 0.132031
7 1.000000 1.000000 0.169531 0.157031
7 1.000000 1.000000 0.199219 0.090625
7 1.000000 1.000000 0.202344 0.146875
7 1.000000 0.000000 0.080469 0.196094
7 1.000000 0.000000 0.088281 0.151562
7 1.000000 0.077344 0.246875 0.125000
7 0.000000 0.514062 0.139844 0.103125