7 0.000000 0.000000 0.191406 0.127344
7 0.000000 0.000000 0.114062 0.242969
7 0.026562 0.000000 0.169531 0.142187
7 0.391406 0.000000 0.191406 0.122656
7 0.679688 0.078125 0.099219 0.178906
7 0.000000 0.613281 0.069531 0.257812
7 0.000000 0.896094 0.165625 0.107813
7 0.000000 0.568750 0.225000 0.080469
7 0.000000 1.000000 0.202344 0.181250
7 0.192188 1.000000 0.095312 0.151562
7 0.801562 0.589063 0.135937 0.105469
7 0.864062 1.000000 0.184375 0.082812
7 0.938281 0.954688 0.232031 0.139844
7 0.679688 1.000000 0.073438 0.191406
7 0.410156 1.000000 0.242969 0.088281
7 0.808594 1.000000 0.139844 0.178906
7 0.993750 1.000000 0.132812 0.105469
7 1.000000 1.000000 0.117969 0.154688
7 0.949219 0.404687 0.121094 0.112500
7 1.000000 0.156250 0.135937 0.154688
7 1.000000 0.000000 0.132812 0.176563
7 1.000000 0.227344 0.154688 0.171875
7 1.000000 0.804688 0.250781 0.100000
7 0.000000 0.310937 0.246875 0.161719