7 0.000000 0.000000 0.187500 0.103125
7 0.000000 0.000000 0.191406 0.088281
7 0.067969 0.000000 0.221094 0.092969
7 0.296875 0.103125 0.080469 0.183594
7 0.411719 0.186719 0.117969 0.185938
7 0.375000 0.000000 0.132812 0.114844
7 0.000000 0.000000 0.092188 0.269531
7 0.441406 0.000000 0.199219 0.078125
7 0.518750 0.000000 0.232031 0.139844
7 0.570312 0.000000 0.139844 0.122656
7 1.000000 0.000000 0.272656 0.127344
7 1.000000 0.000000 0.165625 0.095312
7 0.980469 0.000000 0.125000 0.210938
7 1.000000 0.766406 0.246875 0.100000
7 1.000000 1.000000 0.191406 0.048438
7 1.000000 1.000000 0.161719 0.174219
7 0.843750 1.000000 0.121094 0.103125
7 1.000000 1.000000 0.184375 0.159375
7 1.000000 0.000000 0.132812 0.082812
7 1.000000 0.014844 0.187500 0.110156
7 0.000000 0.000000 0.103125 0.157031