7 0.000000 0.000000 0.187500 0.196094
7 0.000000 0.047656 0.092188 0.200781
7 0.107031 0.102344 0.173437 0.107813
7 0.000000 0.819531 0.114062 0.232813
7 0.000000 0.836719 0.103125 0.215625
7 0.000000 1.000000 0.228125 0.151562
7 1.000000 0.573438 0.199219 0.125000
7 0.667969 0.000000 0.176563 0.120313
7 1.000000 0.330469 0.147656 0.183594
7 1.000000 0.910156 0.165625 0.174219
7 1.000000 0.775000 0.107031 0.213281
7 1.000000 1.000000 0.117969 0.142187
7 1.000000 0.782031 0.184375 0.296875
7 0.000000 0.156250 0.107031 0.161719
7 0.000000 0.089844 0.214062 0.073438