7 0.000000 0.207813 0.128906 0.157031
7 0.000000 0.000000 0.195312 0.144531
7 0.000000 0.000000 0.054688 0.146875
7 0.040625 0.000000 0.150781 0.171875
7 0.502344 0.031250 0.088281 0.191406
7 1.000000 0.127344 0.180469 0.114844
7 1.000000 0.396875 0.161719 0.105469
7 0.657031 0.514844 0.169531 0.110156
7 0.314063 1.000000 0.169531 0.085938
7 0.000000 1.000000 0.125000 0.196094
7 0.000000 1.000000 0.161719 0.159375
7 0.000000 1.000000 0.135937 0.146875
7 1.000000 0.544531 0.176563 0.090625
7 1.000000 0.615625 0.132812 0.159375
7 0.553906 0.952344 0.161719 0.120313
7 0.000000 0.800000 0.225000 0.080469