7 0.000000 0.000000 0.088281 0.217969
7 0.000000 0.000000 0.161719 0.105469
7 0.529687 0.000000 0.202344 0.122656
7 0.828906 0.231250 0.206250 0.127344
7 1.000000 0.415625 0.088281 0.191406
7 0.000000 0.649219 0.232031 0.134375
7 0.000000 0.882031 0.202344 0.073438
7 0.142187 1.000000 0.169531 0.112500
7 0.356250 0.946094 0.103125 0.264844
7 1.000000 0.956250 0.169531 0.105469
7 1.000000 0.769531 0.139844 0.105469
7 1.000000 0.528906 0.173437 0.157031
7 1.000000 1.000000 0.272656 0.149219
7 1.000000 0.000000 0.191406 0.174219
7 0.000000 0.000000 0.206250 0.230469
7 0.000000 0.445312 0.135937 0.225781
7 0.000000 0.452344 0.132812 0.196094