7 0.000000 0.000000 0.103125 0.235156
7 0.000000 0.000000 0.143750 0.215625
7 0.000000 0.596875 0.088281 0.168750
7 0.000000 0.658594 0.058594 0.260156
7 0.000000 0.825781 0.206250 0.164062
7 0.000000 1.000000 0.202344 0.095312
7 0.000000 0.000000 0.143750 0.092969
7 0.350781 0.000000 0.169531 0.159375
7 0.682813 0.398438 0.199219 0.139844
7 0.992969 0.596875 0.103125 0.181250
7 0.180469 1.000000 0.088281 0.292187
7 1.000000 1.000000 0.180469 0.092969
7 1.000000 0.761719 0.161719 0.181250
7 1.000000 0.123438 0.173437 0.168750
7 1.000000 0.626563 0.092188 0.306250
7 1.000000 0.978125 0.099219 0.132031