7 0.000000 0.000000 0.156250 0.173828
7 0.169271 0.000000 0.095052 0.204427
7 1.000000 0.000000 0.147135 0.122396
7 1.000000 0.000000 0.141276 0.152995
7 1.000000 0.054688 0.212240 0.091797
7 1.000000 0.000000 0.138021 0.208333
7 0.726562 0.738281 0.147135 0.138672
7 0.421875 0.433594 0.113281 0.173828
7 0.000000 0.816406 0.156250 0.116536
7 0.000000 1.000000 0.159505 0.073568
7 0.000000 1.000000 0.159505 0.095703
7 0.113932 1.000000 0.187500 0.040365
7 0.000000 1.000000 0.199870 0.159505
7 0.000000 1.000000 0.110677 0.059245
7 1.000000 1.000000 0.190104 0.073568
7 1.000000 0.998047 0.193359 0.126302
7 0.412760 1.000000 0.110677 0.136719
7 0.538411 0.000000 0.064453 0.224609
7 0.366536 0.000000 0.159505 0.147135
7 0.000000 0.000000 0.150391 0.097656
7 0.000000 0.000000 0.202474 0.083333
7 1.000000 0.847005 0.212240 0.089844