7 0.483073 0.000000 0.134766 0.073568
7 0.317057 0.000000 0.098307 0.151042
7 0.000000 0.000000 0.134766 0.106120
7 0.000000 0.005208 0.125651 0.159505
7 0.000000 0.389974 0.119792 0.134766
7 0.000000 0.623047 0.064453 0.138672
7 0.089844 0.434896 0.067057 0.161458
7 0.000000 1.000000 0.079427 0.149089
7 0.000000 1.000000 0.128906 0.186198
7 0.000000 1.000000 0.180990 0.140625
7 0.535807 1.000000 0.128906 0.100260
7 0.720052 0.248698 0.190104 0.085938
7 1.000000 0.000000 0.156250 0.065104
7 1.000000 0.250651 0.144531 0.079427
7 1.000000 0.513021 0.150391 0.114583
7 1.000000 0.946615 0.218099 0.077474
7 1.000000 1.000000 0.162760 0.130859
7 1.000000 1.000000 0.057943 0.140625
7 1.000000 0.506510 0.134766 0.145182
7 0.750651 0.098958 0.113281 0.079427
7 1.000000 0.000000 0.128906 0.067057
7 0.864583 1.000000 0.138021 0.079427
7 1.000000 1.000000 0.104167 0.154948
7 0.000000 0.805339 0.147135 0.044922
7 0.000000 1.000000 0.116536 0.165365
7 0.627604 0.907552 0.079427 0.161458
10 0.523438 1.000000 0.187500 0.128906