7 0.722005 1.000000 0.085938 0.143229
7 0.460286 1.000000 0.150391 0.118490
7 0.331380 0.934245 0.144531 0.093750
7 0.063802 1.000000 0.045573 0.147135
7 0.000000 0.940104 0.184245 0.126302
7 0.000000 1.000000 0.168620 0.154948
7 0.000000 0.301432 0.147135 0.116536
7 0.000000 0.160807 0.100911 0.179688
7 0.000000 0.430339 0.132161 0.087891
7 0.445312 0.000000 0.162760 0.143229
7 1.000000 0.000000 0.116536 0.152995
7 1.000000 0.000000 0.107422 0.145182
7 1.000000 0.125651 0.171875 0.071615
7 1.000000 0.250651 0.236328 0.079427
7 0.980469 0.455078 0.144531 0.154948
7 0.814453 0.610677 0.055339 0.134766
7 1.000000 1.000000 0.212240 0.073568
7 1.000000 1.000000 0.079427 0.165365
7 0.746745 0.000000 0.116536 0.097656
7 0.365234 0.134115 0.067057 0.054688
7 0.000000 0.000000 0.187500 0.106120
7 0.000000 0.000000 0.162760 0.077474
7 0.000000 0.000000 0.089193 0.197917
7 0.361979 0.000000 0.045573 0.161458
7 0.029948 0.000000 0.150391 0.126302
7 1.000000 0.571615 0.147135 0.044922
7 1.000000 1.000000 0.128906 0.118490
7 0.078776 0.585938 0.100911 0.140625
7 0.361979 1.000000 0.132161 0.149089
10 0.000000 0.887370 0.178385 0.124349