7 0.000000 0.000000 0.138021 0.192057
7 0.709635 0.000000 0.153646 0.130859
7 0.000000 0.000000 0.134766 0.087891
7 0.000000 0.000000 0.187500 0.106120
7 0.000000 0.089844 0.104167 0.108073
7 0.000000 0.519531 0.125651 0.093750
7 0.057292 0.656901 0.166016 0.087891
7 1.000000 0.324870 0.187500 0.083333
7 1.000000 0.447917 0.242839 0.048828
7 1.000000 0.666667 0.150391 0.122396
7 1.000000 0.832682 0.202474 0.063151
7 1.000000 0.083333 0.125651 0.159505
7 1.000000 0.000000 0.113281 0.108073
7 0.279297 0.000000 0.175130 0.159505
7 0.000000 0.000000 0.079427 0.175781
7 0.000000 0.355469 0.067057 0.163411
7 0.000000 1.000000 0.150391 0.145182
7 0.000000 1.000000 0.166016 0.097656
7 0.580729 1.000000 0.162760 0.081380
7 0.746745 1.000000 0.180990 0.124349
7 0.319010 1.000000 0.085938 0.140625
7 1.000000 0.850911 0.052083 0.126302
7 0.000000 0.044922 0.076823 0.157552
7 0.324870 0.834635 0.110677 0.159505
10 0.000000 1.000000 0.168620 0.140625