7 0.340495 0.000000 0.110677 0.197917
7 0.000000 0.000000 0.113281 0.190104
7 0.718750 0.000000 0.070312 0.197917
7 1.000000 0.000000 0.193359 0.152995
7 1.000000 0.000000 0.162760 0.140625
7 1.000000 0.000000 0.202474 0.154948
7 1.000000 0.000000 0.214844 0.106120
7 0.943359 0.563802 0.132161 0.126302
7 0.632812 0.309896 0.104167 0.169271
7 0.000000 0.729818 0.166016 0.108073
7 0.214193 1.000000 0.156250 0.108073
7 0.408203 1.000000 0.208984 0.095703
7 0.195964 1.000000 0.125651 0.165365
7 0.035807 1.000000 0.098307 0.126302
7 1.000000 1.000000 0.196615 0.075521
7 0.000000 0.000000 0.150391 0.081380
7 0.000000 0.000000 0.144531 0.116536
7 0.000000 0.307943 0.095052 0.111979
7 0.669922 0.998047 0.125651 0.134766
7 1.000000 0.637370 0.175130 0.079427