7 0.125000 0.000000 0.236328 0.120443
7 0.000000 0.000000 0.291667 0.081380
7 0.109375 0.000000 0.223958 0.212240
7 0.000000 0.000000 0.095052 0.183594
7 0.112630 0.492188 0.236328 0.102214
7 0.000000 0.725260 0.257812 0.095703
7 0.000000 0.600260 0.251953 0.102214
7 0.294271 1.000000 0.100911 0.279948
7 0.866536 1.000000 0.159505 0.231120
7 1.000000 1.000000 0.187500 0.226562
7 0.589844 0.823568 0.223958 0.212240
7 0.964844 0.410156 0.147135 0.238932
7 1.000000 0.657552 0.178385 0.238932
7 1.000000 0.557292 0.104167 0.317057