7 0.000000 0.000000 0.196615 0.143229
7 0.000000 0.005859 0.100911 0.212240
7 0.000000 0.048828 0.134766 0.104167
7 0.248047 0.000000 0.125651 0.124349
7 0.549479 0.402995 0.180990 0.085938
7 0.783203 0.539714 0.076823 0.165365
7 0.000000 0.805990 0.214844 0.089844
7 0.000000 0.668620 0.128906 0.163411
7 0.000000 0.687500 0.076823 0.181641
7 0.000000 1.000000 0.184245 0.075521
7 0.167969 1.000000 0.076823 0.229167
7 0.000000 1.000000 0.156250 0.102214
7 0.000000 1.000000 0.159505 0.077474
7 1.000000 0.804036 0.098307 0.116536
7 0.906250 0.973958 0.138021 0.100260
7 0.992188 1.000000 0.153646 0.075521
7 1.000000 1.000000 0.184245 0.102214
7 1.000000 1.000000 0.132161 0.104167
7 0.410807 1.000000 0.048828 0.152995
7 1.000000 1.000000 0.095052 0.151042
7 1.000000 1.000000 0.218099 0.097656
7 1.000000 0.617839 0.104167 0.151042
7 1.000000 0.087891 0.138021 0.145182
7 1.000000 0.593099 0.098307 0.116536
7 1.000000 1.000000 0.159505 0.073568