7 0.000000 0.000000 0.082682 0.243490
7 0.000000 0.000000 0.162760 0.102214
7 0.374349 0.000000 0.147135 0.122396
7 0.438802 0.000000 0.138021 0.059245
7 0.513021 0.000000 0.184245 0.116536
7 0.540365 0.000000 0.132161 0.081380
7 0.347005 0.143880 0.119792 0.132812
7 0.122396 0.076172 0.180990 0.087891
7 0.000000 0.000000 0.061198 0.165365
7 1.000000 0.000000 0.202474 0.104167
7 1.000000 0.000000 0.138021 0.073568
7 0.873047 0.000000 0.100911 0.165365
7 0.000000 1.000000 0.104167 0.138672
7 0.000000 0.395833 0.168620 0.079427
7 0.000000 0.000000 0.159505 0.179688
7 0.000000 0.000000 0.199870 0.069010
7 1.000000 0.676432 0.119792 0.071615
7 1.000000 0.483724 0.134766 0.077474
7 1.000000 0.072266 0.095052 0.100260
7 1.000000 1.000000 0.141276 0.073568
7 1.000000 1.000000 0.098307 0.130859
7 0.786458 1.000000 0.123047 0.111979
7 0.980469 1.000000 0.123047 0.190104
7 0.183594 0.358724 0.150391 0.061198
7 1.000000 0.000000 0.134766 0.071615