7 0.000000 0.000000 0.098307 0.165365
7 0.000000 0.000000 0.159505 0.114583
7 0.000000 0.000000 0.184245 0.087891
7 0.000000 0.330078 0.067057 0.159505
7 0.000000 0.483724 0.144531 0.128906
7 0.000000 0.065755 0.098307 0.134766
7 0.429036 0.000000 0.132161 0.097656
7 0.000000 0.608073 0.162760 0.085938
7 0.000000 1.000000 0.153646 0.128906
7 0.000000 1.000000 0.134766 0.151042
7 0.130859 1.000000 0.082682 0.149089
7 0.533854 1.000000 0.144531 0.136719
7 0.370443 1.000000 0.141276 0.079427
7 0.826172 1.000000 0.089193 0.145182
7 1.000000 1.000000 0.082682 0.195964
7 0.865885 0.759766 0.067057 0.132812
7 0.361328 0.262370 0.079427 0.057292
7 1.000000 0.233724 0.175130 0.111979
7 1.000000 0.342448 0.205729 0.052734
7 1.000000 0.565104 0.123047 0.130859
7 0.767578 0.000000 0.116536 0.083333
7 1.000000 0.000000 0.134766 0.159505
7 1.000000 0.000000 0.107422 0.134766
7 1.000000 0.659505 0.178385 0.044922
7 1.000000 1.000000 0.159505 0.091797
7 0.000000 0.055990 0.067057 0.152995
7 0.000000 0.000000 0.107422 0.149089
7 0.552083 1.000000 0.134766 0.165365
10 0.000000 1.000000 0.178385 0.122396