7 0.000000 0.000000 0.285807 0.079427
7 0.000000 0.604818 0.267578 0.093750
7 0.000000 0.731771 0.285807 0.104167
7 0.093750 0.490234 0.255208 0.108073
7 0.115234 0.000000 0.230469 0.108073
7 0.000000 0.000000 0.110677 0.220703
7 0.087891 0.000000 0.208984 0.224609
7 0.979818 0.414714 0.123047 0.226562
7 1.000000 0.666667 0.171875 0.251302
7 0.576823 0.833984 0.239583 0.220703
7 0.860026 1.000000 0.147135 0.226562
7 1.000000 1.000000 0.187500 0.235026
7 0.318359 1.000000 0.076823 0.302734
7 1.000000 0.588542 0.082682 0.286458