7 0.430990 0.000000 0.159505 0.095703
7 0.618490 0.011719 0.199870 0.063151
7 0.384766 0.175781 0.125651 0.134766
7 0.206380 0.335286 0.070312 0.159505
7 0.000000 0.718099 0.123047 0.136719
7 0.000000 0.990234 0.168620 0.165365
7 0.061849 1.000000 0.091797 0.169271
7 0.163411 0.000000 0.134766 0.110026
7 0.000000 0.000000 0.178385 0.073568
7 1.000000 0.000000 0.150391 0.122396
7 0.000000 0.000000 0.107422 0.083333
7 0.000000 1.000000 0.134766 0.204427
7 0.000000 0.709635 0.067057 0.151042
7 0.000000 1.000000 0.089193 0.175781
7 0.757161 0.936849 0.061198 0.173828
7 1.000000 1.000000 0.178385 0.075521
7 1.000000 1.000000 0.175130 0.069010
7 0.926432 0.000000 0.113281 0.118490
7 0.000000 0.099609 0.141276 0.087891
7 0.000000 0.603516 0.128906 0.091797