7 0.000000 0.000000 0.147135 0.192057
7 0.000000 0.000000 0.156250 0.134766
7 0.000000 0.000000 0.125651 0.147135
7 0.000000 1.000000 0.180990 0.145182
7 0.000000 1.000000 0.113281 0.122396
7 0.000000 0.660156 0.128906 0.128906
7 0.758464 0.000000 0.144531 0.110026
7 0.000000 0.000000 0.168620 0.091797
7 0.287760 0.000000 0.123047 0.097656
7 1.000000 0.457682 0.171875 0.102214
7 1.000000 0.592448 0.264323 0.079427
7 1.000000 0.811198 0.150391 0.134766
7 1.000000 1.000000 0.076823 0.122396
7 0.000000 0.486328 0.082682 0.143229
7 0.000000 0.218099 0.104167 0.110026
7 0.000000 0.000000 0.073568 0.134766
7 0.000000 0.000000 0.212240 0.089844
7 1.000000 0.236328 0.125651 0.157552
7 0.792318 1.000000 0.153646 0.132812
7 0.613932 1.000000 0.147135 0.083333
7 0.349609 1.000000 0.073568 0.138672
7 0.361979 0.971354 0.100911 0.143229
7 0.094401 0.789062 0.156250 0.077474
7 0.000000 0.185547 0.073568 0.151042
7 0.000000 1.000000 0.141276 0.089844
7 0.319010 0.064453 0.147135 0.143229
7 0.681641 0.175130 0.082682 0.161458
7 1.000000 0.046224 0.138021 0.102214
7 1.000000 0.977214 0.190104 0.054688
7 1.000000 1.000000 0.202474 0.161458
10 0.000000 1.000000 0.171875 0.130859