7 0.000000 0.000000 0.255208 0.091797
7 0.000000 0.000000 0.107422 0.253255
7 0.000000 0.000000 0.184245 0.095703
7 0.052734 0.000000 0.153646 0.120443
7 0.166667 0.000000 0.073568 0.118490
7 0.120443 0.000000 0.178385 0.054688
7 0.182292 0.000000 0.168620 0.102214
7 0.000000 0.023438 0.070312 0.136719
7 0.000000 0.254557 0.184245 0.077474
7 0.000000 0.322266 0.070312 0.167318
7 0.096354 0.381510 0.098307 0.154948
7 0.228516 0.150391 0.123047 0.083333
7 0.566406 0.011068 0.100911 0.169271
7 0.985026 0.000000 0.190104 0.081380
7 1.000000 0.678385 0.128906 0.057292
7 1.000000 0.871094 0.180990 0.071615
7 0.000000 0.932292 0.100911 0.169271
7 0.000000 1.000000 0.113281 0.136719
7 0.000000 0.543620 0.116536 0.040365
7 0.453125 1.000000 0.134766 0.114583
7 1.000000 1.000000 0.128906 0.143229
7 1.000000 1.000000 0.116536 0.052734
7 1.000000 0.000000 0.147135 0.067057
7 1.000000 0.000000 0.261068 0.104167
7 1.000000 0.000000 0.199870 0.075521
7 1.000000 0.263021 0.119792 0.087891
7 0.000000 0.052083 0.147135 0.132812
7 0.000000 1.000000 0.138021 0.100260