7 0.298177 0.000000 0.144531 0.071615
7 0.132161 0.000000 0.119792 0.151042
7 0.000000 0.100911 0.128906 0.116536
7 0.000000 0.272786 0.153646 0.177734
7 0.000000 0.548828 0.178385 0.134766
7 0.556641 0.335938 0.128906 0.140625
7 0.442708 1.000000 0.079427 0.138672
7 0.350260 1.000000 0.128906 0.120443
7 0.000000 0.694661 0.085938 0.132812
7 0.000000 0.659505 0.116536 0.136719
7 0.000000 0.876302 0.076823 0.152995
7 1.000000 0.520182 0.156250 0.095703
7 1.000000 0.819010 0.147135 0.143229
7 0.895182 0.763672 0.147135 0.195964
7 0.886068 0.000000 0.123047 0.077474
7 1.000000 0.000000 0.193359 0.067057
7 0.686198 1.000000 0.147135 0.085938
7 0.972005 1.000000 0.128906 0.183594
7 0.513672 0.512370 0.159505 0.095703
7 1.000000 0.000000 0.205729 0.069010
7 0.126302 0.882812 0.110677 0.128906