7 0.000000 0.320964 0.166016 0.136719
7 0.000000 0.357422 0.196615 0.108073
7 0.000000 1.000000 0.061198 0.179688
7 0.000000 1.000000 0.110677 0.161458
7 0.000000 1.000000 0.107422 0.167318
7 0.000000 1.000000 0.184245 0.075521
7 0.000000 0.953125 0.057943 0.171875
7 0.000000 0.000000 0.180990 0.067057
7 0.671224 0.000000 0.076823 0.126302
7 1.000000 0.000000 0.180990 0.220703
7 1.000000 1.000000 0.153646 0.161458
7 1.000000 1.000000 0.178385 0.108073
7 1.000000 1.000000 0.091797 0.177734
7 1.000000 1.000000 0.110677 0.188151
7 0.819010 0.859375 0.125651 0.124349
7 0.323568 0.981771 0.168620 0.077474
7 0.990885 0.044271 0.166016 0.154948