7 0.172526 0.000000 0.166016 0.108073
7 0.406250 0.000000 0.079427 0.179688
7 0.000000 0.062500 0.079427 0.206380
7 0.000000 0.281250 0.162760 0.097656
7 0.000000 0.029297 0.233724 0.052734
7 0.042969 0.537109 0.070312 0.120443
7 0.209635 0.792969 0.199870 0.065104
7 0.418620 0.873047 0.055339 0.159505
7 0.526042 0.923828 0.107422 0.169271
7 0.495443 0.055990 0.144531 0.085938
7 0.636719 0.000000 0.100911 0.111979
7 0.000000 0.000000 0.190104 0.108073
7 0.101562 1.000000 0.076823 0.169271
7 0.557292 0.404297 0.180990 0.075521
7 0.627604 0.315755 0.187500 0.102214
7 0.661458 0.678385 0.098307 0.085938
7 1.000000 0.526693 0.116536 0.126302
7 1.000000 0.201172 0.208984 0.075521
7 1.000000 0.000000 0.110677 0.149089
7 0.953776 0.000000 0.098307 0.136719
7 1.000000 1.000000 0.159505 0.032552
7 1.000000 1.000000 0.156250 0.038411
7 0.000000 1.000000 0.180990 0.075521
7 1.000000 0.205729 0.141276 0.061198
7 0.000000 0.864583 0.150391 0.097656
7 0.000000 0.596354 0.138021 0.124349
7 0.000000 0.393880 0.132161 0.134766
7 1.000000 0.000000 0.089193 0.236979
7 1.000000 0.841797 0.128906 0.108073
7 0.511068 1.000000 0.073568 0.236979
7 0.252604 1.000000 0.180990 0.059245