7 0.000000 0.000000 0.123047 0.212240
7 0.000000 0.297526 0.067057 0.143229
7 0.000000 0.458984 0.153646 0.110026
7 0.000000 0.580078 0.141276 0.081380
7 0.000000 1.000000 0.199870 0.118490
7 0.000000 1.000000 0.141276 0.147135
7 0.214193 1.000000 0.079427 0.143229
7 0.638672 1.000000 0.153646 0.124349
7 0.469401 1.000000 0.123047 0.054688
7 0.998698 0.716797 0.067057 0.114583
7 1.000000 0.514323 0.150391 0.152995
7 1.000000 0.186849 0.162760 0.108073
7 1.000000 0.292969 0.221354 0.067057
7 0.524740 0.000000 0.132161 0.116536
7 0.000000 0.000000 0.166016 0.114583
7 0.000000 0.000000 0.178385 0.085938
7 0.952474 1.000000 0.104167 0.134766
7 1.000000 1.000000 0.180990 0.130859
7 1.000000 1.000000 0.104167 0.183594
7 1.000000 0.634766 0.156250 0.054688
7 1.000000 0.000000 0.123047 0.152995
7 0.869141 0.000000 0.113281 0.077474
7 1.000000 0.000000 0.141276 0.179688
7 0.000000 0.039714 0.061198 0.145182
7 0.000000 0.049479 0.104167 0.120443
10 0.000000 1.000000 0.178385 0.134766