7 0.000000 0.408203 0.134766 0.120443
7 0.000000 0.580078 0.138021 0.165365
7 0.000000 0.948568 0.159505 0.167318
7 0.000000 1.000000 0.070312 0.126302
7 0.518229 1.000000 0.089193 0.177734
7 0.423177 1.000000 0.156250 0.149089
7 1.000000 0.000000 0.171875 0.236979
7 0.167318 0.000000 0.184245 0.073568
7 0.170573 0.121745 0.128906 0.149089
7 0.327474 0.000000 0.144531 0.075521
7 1.000000 0.846354 0.193359 0.095703
7 1.000000 0.000000 0.180990 0.093750
7 1.000000 0.000000 0.180990 0.079427
7 0.595052 0.666016 0.171875 0.059245
7 0.268880 0.000000 0.125651 0.052734
7 0.000000 0.871094 0.187500 0.136719
7 0.567708 0.821615 0.187500 0.087891
7 0.000000 1.000000 0.061198 0.130859
7 0.936849 0.313802 0.119792 0.079427
7 0.970703 1.000000 0.134766 0.224609