7 0.000000 0.000000 0.205729 0.097656
7 0.000000 0.000000 0.227214 0.132812
7 0.000000 0.000000 0.141276 0.089844
7 0.000000 0.000000 0.039714 0.253255
7 0.000000 0.136719 0.166016 0.087891
7 0.127604 0.000000 0.144531 0.110026
7 0.247396 0.000000 0.123047 0.110026
7 0.013672 0.000000 0.079427 0.216797
7 0.567708 0.000000 0.098307 0.179688
7 0.167969 0.263672 0.175130 0.063151
7 0.241536 0.201823 0.193359 0.100260
7 0.000000 0.400391 0.067057 0.163411
7 0.000000 0.654297 0.223958 0.077474
7 0.000000 1.000000 0.089193 0.154948
7 0.000000 1.000000 0.153646 0.157552
7 0.000000 0.973958 0.141276 0.061198
7 0.044922 0.718099 0.082682 0.143229
7 0.164714 0.781250 0.089193 0.145182
7 0.278646 0.539714 0.132161 0.102214
7 0.632161 0.404948 0.123047 0.106120
7 1.000000 0.058594 0.180990 0.071615
7 1.000000 0.000000 0.125651 0.147135
7 0.826172 0.058594 0.156250 0.050781
7 1.000000 1.000000 0.166016 0.069010
7 1.000000 0.400391 0.150391 0.081380
7 1.000000 1.000000 0.153646 0.052734
7 1.000000 0.160807 0.202474 0.065104
7 1.000000 0.000000 0.239583 0.106120
7 1.000000 0.000000 0.073568 0.195964
7 1.000000 0.670573 0.156250 0.102214
7 0.000000 0.443359 0.184245 0.128906