7 0.000000 0.251302 0.150391 0.122396
7 0.000000 0.392578 0.091797 0.128906
7 0.371094 1.000000 0.134766 0.118490
7 0.303385 0.000000 0.119792 0.046875
7 0.149740 0.000000 0.150391 0.067057
7 1.000000 0.000000 0.134766 0.197917
7 0.559245 0.492839 0.166016 0.104167
7 0.540365 0.668620 0.178385 0.095703
7 0.000000 0.799479 0.128906 0.097656
7 0.152995 0.000000 0.104167 0.130859
7 1.000000 0.670573 0.187500 0.173828
7 1.000000 0.940755 0.119792 0.124349
7 0.466797 1.000000 0.073568 0.195964
7 0.734375 1.000000 0.147135 0.100260
7 0.146484 1.000000 0.125651 0.102214
7 0.000000 0.836589 0.098307 0.132812
7 1.000000 0.000000 0.180990 0.081380
7 1.000000 0.000000 0.214844 0.081380
7 0.894531 0.151042 0.100911 0.110026
7 0.000000 0.699219 0.199870 0.159505
7 0.000000 1.000000 0.055339 0.169271