7 0.278646 0.000000 0.144531 0.138672
7 0.090495 0.000000 0.082682 0.124349
7 0.000000 0.000000 0.190104 0.140625
7 0.000000 0.272786 0.098307 0.165365
7 1.000000 0.223958 0.190104 0.087891
7 0.035156 1.000000 0.095052 0.181641
7 0.000000 1.000000 0.107422 0.145182
7 1.000000 0.583984 0.171875 0.069010
7 1.000000 0.446615 0.166016 0.110026
7 0.703125 0.878906 0.116536 0.104167
7 0.776693 0.532552 0.119792 0.052734
7 0.675130 0.152344 0.113281 0.218750
7 0.514974 1.000000 0.180990 0.111979
7 0.000000 1.000000 0.110677 0.118490
7 1.000000 0.000000 0.227214 0.136719
7 0.000000 0.000000 0.104167 0.157552
7 0.000000 0.716797 0.134766 0.100260
7 0.000000 0.602214 0.187500 0.147135
7 0.000000 0.104818 0.113281 0.161458
7 0.000000 0.432292 0.153646 0.161458