7 0.000000 0.000000 0.153646 0.138672
7 0.000000 0.000000 0.123047 0.145182
7 0.000000 0.104818 0.091797 0.173828
7 0.000000 0.283203 0.091797 0.163411
7 0.000000 0.035156 0.123047 0.179688
7 0.184896 0.729167 0.162760 0.111979
7 0.289714 0.594401 0.067057 0.149089
7 0.514323 0.886719 0.153646 0.079427
7 0.000000 0.311849 0.144531 0.089844
7 0.366536 0.000000 0.175130 0.116536
7 0.421875 0.000000 0.138021 0.124349
7 1.000000 0.614583 0.208984 0.095703
7 1.000000 0.777995 0.251953 0.075521
7 1.000000 0.000000 0.156250 0.108073
7 1.000000 0.184896 0.134766 0.114583
7 0.760417 0.000000 0.128906 0.095703
7 1.000000 0.968750 0.150391 0.118490
7 1.000000 1.000000 0.079427 0.136719
7 0.760417 1.000000 0.070312 0.145182
7 1.000000 1.000000 0.168620 0.091797
7 1.000000 1.000000 0.193359 0.130859
7 0.000000 0.927734 0.082682 0.138672
7 0.766276 1.000000 0.113281 0.145182
7 0.000000 1.000000 0.104167 0.154948
7 0.000000 1.000000 0.141276 0.130859
7 0.751302 0.182943 0.107422 0.124349
10 0.163411 1.000000 0.180990 0.151042