7 0.507812 0.000000 0.125651 0.110026
7 0.000000 0.329427 0.073568 0.159505
7 0.000000 0.495443 0.144531 0.157552
7 0.000000 0.622396 0.138021 0.093750
7 1.000000 0.000000 0.150391 0.163411
7 1.000000 0.000000 0.132161 0.130859
7 1.000000 0.319661 0.153646 0.048828
7 1.000000 0.445964 0.236328 0.059245
7 1.000000 0.651042 0.150391 0.138672
7 0.848958 0.794271 0.045573 0.118490
7 0.126302 1.000000 0.091797 0.106120
7 0.501953 1.000000 0.150391 0.116536
7 0.000000 1.000000 0.150391 0.136719
7 0.000000 1.000000 0.159505 0.138672
7 0.748047 1.000000 0.100911 0.147135
7 0.526042 1.000000 0.107422 0.157552
7 1.000000 1.000000 0.104167 0.190104
7 1.000000 1.000000 0.190104 0.095703
7 0.809245 0.000000 0.144531 0.118490
7 0.000000 0.000000 0.162760 0.110026
7 0.000000 0.000000 0.184245 0.108073
7 1.000000 0.155599 0.116536 0.136719
7 0.000000 0.075521 0.123047 0.097656
7 0.000000 0.000000 0.110677 0.157552
7 0.000000 0.000000 0.128906 0.165365
7 1.000000 0.781901 0.144531 0.067057
7 0.356771 1.000000 0.132161 0.073568
10 0.000000 1.000000 0.156250 0.128906