7 0.000000 0.059896 0.166016 0.159505
7 0.000000 0.000000 0.193359 0.067057
7 0.000000 0.528646 0.125651 0.171875
7 0.000000 0.743490 0.289062 0.077474
7 0.000000 0.802734 0.141276 0.181641
7 0.000000 1.000000 0.107422 0.212240
7 0.000000 1.000000 0.079427 0.186198
7 0.000000 0.647135 0.082682 0.220703
7 0.305990 0.721354 0.141276 0.087891
7 0.783203 0.616536 0.159505 0.128906
7 1.000000 1.000000 0.180990 0.104167
7 1.000000 1.000000 0.082682 0.163411
7 1.000000 1.000000 0.134766 0.151042
7 1.000000 0.864583 0.153646 0.173828