7 0.000000 0.000000 0.184245 0.165365
7 0.000000 0.138021 0.073568 0.181641
7 0.000000 0.201172 0.134766 0.087891
7 0.394531 0.095052 0.168620 0.102214
7 0.643880 0.585938 0.171875 0.106120
7 0.899089 0.739583 0.073568 0.159505
7 0.000000 0.934245 0.193359 0.111979
7 0.000000 1.000000 0.168620 0.061198
7 0.000000 1.000000 0.107422 0.200521
7 0.071615 1.000000 0.141276 0.093750
7 0.250000 1.000000 0.085938 0.220703
7 1.000000 1.000000 0.141276 0.087891
7 1.000000 1.000000 0.116536 0.087891
7 1.000000 0.833984 0.144531 0.130859
7 1.000000 1.000000 0.227214 0.124349
7 1.000000 1.000000 0.199870 0.079427
7 1.000000 1.000000 0.282552 0.089844
7 1.000000 0.328125 0.159505 0.145182
7 0.000000 0.236328 0.171875 0.192057
7 0.000000 0.764323 0.113281 0.188151
7 0.000000 0.770182 0.110677 0.163411
7 1.000000 0.917969 0.104167 0.130859