7 0.000000 1.000000 0.159505 0.157552
7 0.000000 0.453125 0.144531 0.116536
7 0.509115 0.000000 0.138021 0.110026
7 1.000000 0.336589 0.168620 0.087891
7 1.000000 0.440755 0.180990 0.075521
7 0.998047 0.625000 0.147135 0.111979
7 0.832031 0.780599 0.079427 0.102214
7 0.093750 1.000000 0.070312 0.138672
7 0.000000 1.000000 0.150391 0.106120
7 0.472005 1.000000 0.193359 0.116536
7 0.708984 1.000000 0.091797 0.157552
7 0.000000 0.000000 0.110677 0.151042
7 0.000000 0.000000 0.150391 0.122396
7 0.000000 0.000000 0.202474 0.122396
7 0.000000 0.303385 0.104167 0.163411
7 1.000000 0.000000 0.110677 0.179688
7 1.000000 0.000000 0.159505 0.116536
7 0.789062 0.000000 0.110677 0.104167
7 1.000000 1.000000 0.095052 0.177734
7 1.000000 1.000000 0.193359 0.091797
7 0.327474 1.000000 0.123047 0.077474
7 0.000000 0.583984 0.138021 0.087891
7 0.000000 0.680339 0.067057 0.089844
7 0.143229 0.768229 0.141276 0.194010
7 0.000000 0.052083 0.125651 0.077474
7 0.000000 0.000000 0.095052 0.151042
7 1.000000 0.156250 0.095052 0.120443
7 0.481771 1.000000 0.134766 0.177734
10 0.000000 0.999349 0.171875 0.149089