7 0.000000 0.000000 0.171875 0.169271
7 0.000000 0.129557 0.091797 0.192057
7 0.000000 0.174479 0.138021 0.069010
7 0.000000 0.723307 0.125651 0.197917
7 0.000000 0.188802 0.100911 0.173828
7 0.000000 0.755859 0.085938 0.181641
7 0.000000 1.000000 0.196615 0.083333
7 0.000000 0.917969 0.205729 0.114583
7 0.695964 0.576172 0.166016 0.091797
7 0.418620 0.097005 0.159505 0.104167
7 0.000000 0.000000 0.230469 0.114583
7 0.942057 0.721354 0.082682 0.175781
7 0.271484 1.000000 0.082682 0.240885
7 0.083333 1.000000 0.184245 0.091797
7 1.000000 1.000000 0.159505 0.085938
7 1.000000 1.000000 0.107422 0.093750
7 1.000000 1.000000 0.282552 0.111979
7 1.000000 0.846354 0.119792 0.126302
7 1.000000 0.334635 0.128906 0.179688
7 1.000000 1.000000 0.153646 0.067057