7 0.189453 0.412109 0.184245 0.145182
7 0.000000 0.444661 0.214844 0.106120
7 0.000000 1.000000 0.248698 0.073568
7 0.000000 1.000000 0.134766 0.157552
7 0.026042 1.000000 0.123047 0.151042
7 0.127604 1.000000 0.091797 0.145182
7 0.460286 1.000000 0.110677 0.210286
7 0.844401 1.000000 0.153646 0.089844
7 0.429036 0.000000 0.175130 0.063151
7 1.000000 0.000000 0.079427 0.202474
7 1.000000 0.145833 0.168620 0.175781
7 1.000000 0.000000 0.187500 0.149089
7 1.000000 0.000000 0.153646 0.181641
7 1.000000 0.985026 0.150391 0.118490
7 1.000000 1.000000 0.190104 0.110026
7 0.000000 0.880859 0.123047 0.169271
7 0.000000 0.952474 0.138021 0.152995