7 0.000000 0.000000 0.159505 0.106120
7 0.000000 0.000000 0.095052 0.202474
7 0.000000 0.000000 0.141276 0.118490
7 0.044922 0.000000 0.159505 0.102214
7 0.285156 0.039714 0.082682 0.149089
7 0.000000 0.485677 0.057943 0.214844
7 0.000000 0.721354 0.138021 0.089844
7 0.000000 0.448568 0.187500 0.067057
7 0.000000 1.000000 0.168620 0.151042
7 0.000000 1.000000 0.193359 0.089844
7 0.000000 0.995443 0.079427 0.126302
7 0.386719 0.465495 0.113281 0.087891
7 0.438802 0.852214 0.153646 0.069010
7 0.500651 0.770182 0.193359 0.116536
7 0.285156 1.000000 0.061198 0.159505
7 0.060547 1.000000 0.202474 0.073568
7 0.392578 1.000000 0.116536 0.149089
7 0.546875 1.000000 0.110677 0.087891
7 0.934245 0.995443 0.098307 0.128906
7 0.509766 0.311849 0.100911 0.093750
7 0.866536 0.104818 0.113281 0.128906
7 1.000000 0.000000 0.110677 0.147135
7 1.000000 0.164062 0.128906 0.143229
7 1.000000 0.645182 0.208984 0.083333
7 1.000000 0.242188 0.082682 0.190104
7 1.000000 1.000000 0.178385 0.079427
7 1.000000 1.000000 0.156250 0.097656
7 0.000000 0.233724 0.205729 0.134766