7 0.000000 0.000000 0.116536 0.165365
7 0.000000 0.000000 0.132161 0.136719
7 0.113932 0.000000 0.128906 0.177734
7 0.000000 1.000000 0.089193 0.171875
7 1.000000 0.060547 0.134766 0.106120
7 0.418620 0.709635 0.110677 0.163411
7 0.664714 1.000000 0.144531 0.057292
7 0.119792 0.459635 0.098307 0.089844
7 0.000000 0.224609 0.082682 0.126302
7 0.000000 0.427083 0.079427 0.130859
7 0.000000 0.597005 0.110677 0.083333
7 0.498047 0.046224 0.193359 0.124349
7 0.547526 0.000000 0.150391 0.111979
7 1.000000 1.000000 0.144531 0.138672
7 1.000000 0.752604 0.221354 0.104167
7 1.000000 0.904297 0.248698 0.075521
7 0.916667 1.000000 0.107422 0.128906
7 0.000000 1.000000 0.104167 0.145182
7 0.329427 0.885417 0.141276 0.118490
7 1.000000 0.322917 0.107422 0.097656
7 0.889323 0.320964 0.134766 0.154948
7 0.919922 1.000000 0.125651 0.151042
7 1.000000 1.000000 0.159505 0.089844
7 1.000000 1.000000 0.070312 0.124349
7 0.882812 0.000000 0.119792 0.087891
7 0.000000 1.000000 0.159505 0.118490
10 0.304688 1.000000 0.196615 0.130859