7 0.000000 0.000000 0.159505 0.163411
7 0.000000 0.000000 0.190104 0.093750
7 0.000000 0.519531 0.085938 0.195964
7 0.000000 0.609375 0.119792 0.179688
7 0.000000 1.000000 0.073568 0.140625
7 0.000000 1.000000 0.048828 0.216797
7 0.000000 1.000000 0.171875 0.136719
7 0.000000 1.000000 0.168620 0.079427
7 0.000000 0.574870 0.119792 0.077474
7 0.375651 0.484375 0.141276 0.132812
7 0.652344 0.973958 0.166016 0.116536
7 0.910807 1.000000 0.085938 0.151042
7 0.233724 1.000000 0.073568 0.243490
7 1.000000 1.000000 0.150391 0.077474
7 1.000000 1.000000 0.134766 0.151042
7 1.000000 0.744792 0.144531 0.140625
7 1.000000 1.000000 0.076823 0.255208
7 1.000000 1.000000 0.082682 0.110026