7 0.000000 0.000000 0.285807 0.097656
7 0.000000 0.607422 0.251953 0.091797
7 0.000000 0.746745 0.248698 0.120443
7 0.086589 0.474609 0.248698 0.110026
7 0.113932 0.000000 0.218099 0.100260
7 0.111328 0.000000 0.214844 0.194010
7 0.000000 0.000000 0.110677 0.208333
7 0.985026 0.462240 0.095052 0.261719
7 0.584635 0.875651 0.251953 0.220703
7 1.000000 0.722005 0.134766 0.235026
7 1.000000 1.000000 0.257812 0.298177
7 1.000000 0.680990 0.091797 0.220703
7 1.000000 1.000000 0.193359 0.214844
7 0.849609 1.000000 0.171875 0.283854
7 0.270833 1.000000 0.113281 0.171875