7 0.000000 0.000000 0.156250 0.085938
7 0.000000 0.000000 0.159505 0.073568
7 0.000000 0.083333 0.184245 0.077474
7 0.000000 0.169271 0.067057 0.152995
7 0.063151 0.238932 0.098307 0.154948
7 0.032552 0.000000 0.110677 0.095703
7 0.000000 0.000000 0.076823 0.224609
7 0.087891 0.000000 0.166016 0.065104
7 0.152344 0.000000 0.193359 0.116536
7 0.195312 0.000000 0.116536 0.102214
7 0.992188 0.000000 0.227214 0.106120
7 0.727214 0.000000 0.138021 0.079427
7 0.537109 0.000000 0.104167 0.175781
7 0.992188 0.722005 0.205729 0.083333
7 1.000000 0.770833 0.156250 0.152995
7 1.000000 1.000000 0.159505 0.040365
7 1.000000 1.000000 0.214844 0.095703
7 0.992188 1.000000 0.134766 0.145182
7 0.423177 1.000000 0.100911 0.085938
7 0.619792 1.000000 0.153646 0.132812
7 1.000000 0.000000 0.110677 0.069010
7 1.000000 0.095703 0.156250 0.091797
7 1.000000 0.000000 0.178385 0.071615
7 1.000000 0.473958 0.193359 0.057292
7 0.000000 0.000000 0.085938 0.130859