7 0.000000 0.000000 0.147135 0.140625
7 0.000000 0.000000 0.184245 0.067057
7 0.000000 0.431641 0.156250 0.163411
7 0.000000 0.607422 0.076823 0.167318
7 0.172526 0.652995 0.144531 0.089844
7 0.000000 1.000000 0.095052 0.194010
7 0.000000 1.000000 0.085938 0.179688
7 0.000000 1.000000 0.190104 0.126302
7 0.932292 1.000000 0.166016 0.104167
7 0.639974 0.562500 0.147135 0.100260
7 0.855469 0.000000 0.123047 0.163411
7 0.550781 0.000000 0.085938 0.181641
7 1.000000 0.843099 0.123047 0.152995
7 1.000000 1.000000 0.138021 0.145182
7 1.000000 1.000000 0.089193 0.177734
7 1.000000 1.000000 0.098307 0.118490
7 1.000000 1.000000 0.153646 0.247396
7 0.000000 0.697917 0.089193 0.134766
7 0.000000 0.642578 0.178385 0.061198