7 0.000000 0.000000 0.098307 0.179688
7 0.000000 0.000000 0.150391 0.093750
7 0.302083 0.000000 0.156250 0.126302
7 0.594401 0.157552 0.153646 0.089844
7 0.858724 0.294271 0.089193 0.173828
7 0.000000 0.435547 0.147135 0.186198
7 0.000000 0.442057 0.107422 0.167318
7 0.000000 0.570964 0.223958 0.095703
7 0.000000 0.791667 0.246094 0.075521
7 0.225260 0.781901 0.107422 0.226562
7 0.049479 1.000000 0.171875 0.134766
7 0.495443 1.000000 0.052083 0.163411
7 0.975911 0.740885 0.144531 0.077474
7 1.000000 0.583333 0.119792 0.104167
7 1.000000 0.358073 0.113281 0.124349
7 1.000000 0.000000 0.128906 0.071615
7 1.000000 0.206380 0.082682 0.200521
7 1.000000 0.417318 0.156250 0.134766
7 1.000000 0.918620 0.230469 0.097656
7 1.000000 0.914714 0.175130 0.065104
7 1.000000 1.000000 0.159505 0.065104
7 1.000000 1.000000 0.193359 0.111979
7 1.000000 1.000000 0.085938 0.210286