7 0.000000 0.138672 0.116536 0.111979
7 0.114583 0.358073 0.091797 0.089844
7 0.357422 0.705729 0.175130 0.071615
7 0.539062 0.828776 0.168620 0.093750
7 0.311198 1.000000 0.138021 0.126302
7 0.136068 1.000000 0.079427 0.140625
7 0.000000 0.682943 0.076823 0.165365
7 0.000000 0.847005 0.104167 0.152995
7 0.000000 1.000000 0.190104 0.122396
7 0.000000 1.000000 0.218099 0.102214
7 0.914062 0.000000 0.128906 0.136719
7 1.000000 0.000000 0.178385 0.111979
7 1.000000 0.000000 0.230469 0.091797
7 1.000000 0.197917 0.123047 0.149089
7 1.000000 0.000000 0.098307 0.124349
7 0.000000 0.000000 0.180990 0.136719
7 0.840495 0.562500 0.098307 0.124349