7 0.000000 0.255208 0.168620 0.143229
7 0.000000 0.000000 0.193359 0.067057
7 0.000000 0.719401 0.150391 0.165365
7 0.000000 0.921875 0.242839 0.073568
7 0.000000 0.977214 0.128906 0.154948
7 0.000000 0.873047 0.079427 0.192057
7 0.303385 0.916016 0.141276 0.073568
7 0.789062 0.823568 0.132161 0.128906
7 1.000000 1.000000 0.180990 0.108073
7 0.026042 1.000000 0.168620 0.134766
7 0.000000 1.000000 0.132161 0.171875
7 0.000000 1.000000 0.095052 0.167318
7 1.000000 1.000000 0.079427 0.226562
7 0.964844 0.000000 0.138021 0.163411
7 0.653646 0.000000 0.091797 0.157552
7 1.000000 0.000000 0.205729 0.132812
7 1.000000 1.000000 0.150391 0.143229
7 1.000000 1.000000 0.168620 0.149089