7 0.383464 0.000000 0.196615 0.102214
7 0.586589 0.000000 0.190104 0.100260
7 0.340495 0.000000 0.138021 0.140625
7 0.161458 0.000000 0.061198 0.124349
7 0.000000 0.297526 0.168620 0.097656
7 0.000000 0.544922 0.141276 0.163411
7 0.014323 0.686198 0.070312 0.130859
7 0.000000 0.250651 0.085938 0.145182
7 0.000000 1.000000 0.190104 0.200521
7 0.000000 1.000000 0.082682 0.136719
7 0.000000 1.000000 0.147135 0.118490
7 0.066406 1.000000 0.076823 0.177734
7 0.558594 1.000000 0.184245 0.152995
7 0.721354 1.000000 0.147135 0.122396
7 1.000000 0.635417 0.175130 0.095703
7 0.697266 0.555339 0.091797 0.175781
7 1.000000 0.864583 0.208984 0.083333
7 1.000000 1.000000 0.168620 0.085938
7 1.000000 0.915365 0.119792 0.134766
7 0.906250 0.000000 0.113281 0.169271
7 0.000000 0.000000 0.162760 0.067057