7 0.440104 0.048828 0.166016 0.118490
7 0.015625 0.000000 0.089193 0.149089
7 0.000000 0.000000 0.128906 0.102214
7 0.000000 0.000000 0.150391 0.145182
7 0.000000 0.399089 0.070312 0.151042
7 0.000000 0.372396 0.147135 0.114583
7 0.000000 0.607422 0.057943 0.159505
7 0.347656 0.865885 0.110677 0.124349
7 0.243490 1.000000 0.113281 0.128906
7 0.572266 1.000000 0.141276 0.102214
7 1.000000 0.200521 0.153646 0.118490
7 1.000000 0.891927 0.190104 0.104167
7 1.000000 1.000000 0.251953 0.054688
7 1.000000 1.000000 0.138021 0.118490
7 1.000000 1.000000 0.067057 0.111979
7 0.000000 1.000000 0.095052 0.163411
7 1.000000 1.000000 0.138021 0.093750
7 0.839844 1.000000 0.134766 0.149089
7 1.000000 0.000000 0.166016 0.095703
7 0.000000 1.000000 0.119792 0.140625
7 0.406250 0.212891 0.184245 0.106120
7 0.812500 0.486979 0.144531 0.138672
7 0.175781 0.000000 0.159505 0.057292
7 0.775391 0.000000 0.110677 0.077474
10 0.236979 1.000000 0.193359 0.145182