7 0.623047 0.000000 0.184245 0.095703
7 0.386719 0.000000 0.230469 0.067057
7 0.364583 0.000000 0.107422 0.110026
7 0.180339 0.000000 0.067057 0.183594
7 0.000000 0.213542 0.153646 0.114583
7 0.032552 0.643229 0.104167 0.149089
7 0.087891 1.000000 0.091797 0.163411
7 0.000000 1.000000 0.134766 0.147135
7 0.565104 1.000000 0.132161 0.111979
7 0.746094 1.000000 0.119792 0.122396
7 1.000000 0.592448 0.178385 0.071615
7 0.733724 0.506510 0.082682 0.145182
7 1.000000 0.964844 0.227214 0.073568
7 1.000000 0.864583 0.150391 0.126302
7 1.000000 0.811198 0.239583 0.087891
7 1.000000 1.000000 0.104167 0.151042
7 0.000000 0.184896 0.095052 0.169271
7 0.000000 0.477865 0.116536 0.157552
7 0.000000 1.000000 0.098307 0.169271