7 0.231120 0.000000 0.199870 0.063151
7 0.523438 0.000000 0.178385 0.091797
7 0.846354 0.000000 0.153646 0.079427
7 1.000000 0.388672 0.202474 0.161458
7 0.000000 0.980469 0.098307 0.175781
7 0.000000 0.652995 0.132161 0.071615
7 0.000000 1.000000 0.227214 0.083333
7 0.000000 0.116536 0.123047 0.063151
7 0.000000 0.000000 0.082682 0.188151
7 1.000000 1.000000 0.180990 0.111979
7 0.680339 1.000000 0.187500 0.110026
7 1.000000 1.000000 0.141276 0.130859
7 1.000000 1.000000 0.166016 0.075521
7 1.000000 0.900391 0.168620 0.122396
7 1.000000 0.036458 0.067057 0.163411
7 0.923177 0.000000 0.073568 0.126302
7 1.000000 0.125000 0.205729 0.104167
7 0.000000 0.488932 0.116536 0.085938