7 0.845703 0.000000 0.128906 0.194010
7 0.000000 0.340495 0.123047 0.100260
7 0.000000 0.505859 0.138021 0.151042
7 0.196615 1.000000 0.144531 0.126302
7 0.541667 1.000000 0.156250 0.116536
7 0.276693 1.000000 0.104167 0.165365
7 0.000000 0.919271 0.073568 0.149089
7 0.000000 1.000000 0.076823 0.145182
7 0.000000 0.041667 0.125651 0.159505
7 0.000000 0.000000 0.153646 0.091797
7 0.101562 0.000000 0.134766 0.091797
7 1.000000 0.733073 0.159505 0.095703
7 1.000000 1.000000 0.171875 0.106120
7 0.365885 0.577474 0.156250 0.095703
7 1.000000 0.000000 0.193359 0.087891
7 1.000000 0.000000 0.178385 0.122396
7 1.000000 0.000000 0.205729 0.102214
7 0.688802 0.231771 0.132161 0.077474
7 0.738281 0.986979 0.141276 0.222656
7 0.326172 0.741536 0.162760 0.085938