7 0.000000 0.000000 0.125651 0.138672
7 0.000000 0.000000 0.070312 0.145182
7 0.000000 0.430990 0.107422 0.143229
7 0.000000 1.000000 0.125651 0.151042
7 0.000000 1.000000 0.082682 0.181641
7 0.000000 1.000000 0.110677 0.065104
7 0.476562 0.211589 0.175130 0.071615
7 0.738281 0.416667 0.104167 0.089844
7 1.000000 0.516927 0.153646 0.073568
7 1.000000 1.000000 0.196615 0.102214
7 0.938151 1.000000 0.141276 0.077474
7 0.067708 0.966797 0.144531 0.095703
7 1.000000 0.551432 0.085938 0.165365
7 1.000000 0.383464 0.095052 0.124349
7 1.000000 1.000000 0.110677 0.136719
7 1.000000 0.903646 0.184245 0.165365
7 0.000000 0.017578 0.187500 0.126302
7 0.000000 0.199219 0.098307 0.173828
7 0.058594 0.000000 0.141276 0.075521