7 0.000000 0.000000 0.125651 0.061198
7 0.000000 0.000000 0.110677 0.138672
7 0.000000 0.204427 0.134766 0.079427
7 0.315755 0.410807 0.116536 0.073568
7 1.000000 0.136719 0.082682 0.132812
7 1.000000 0.000000 0.095052 0.132812
7 1.000000 0.734375 0.208984 0.065104
7 0.577474 0.759115 0.134766 0.079427
7 0.770833 0.865234 0.196615 0.038411
7 0.546875 1.000000 0.132161 0.128906
7 0.392578 1.000000 0.061198 0.114583
7 0.000000 1.000000 0.123047 0.079427
7 0.000000 0.611328 0.125651 0.100260
7 0.044922 1.000000 0.147135 0.128906
7 0.000000 0.836589 0.091797 0.132812
7 0.000000 0.081380 0.141276 0.073568
7 0.000000 0.000000 0.156250 0.054688
7 0.000000 0.000000 0.104167 0.075521
7 1.000000 0.568359 0.082682 0.130859
7 1.000000 0.235026 0.184245 0.067057
7 0.000000 1.000000 0.067057 0.161458
10 0.000000 1.000000 0.125651 0.122396