7 0.000000 0.256510 0.107422 0.130859
7 0.000000 0.000000 0.162760 0.120443
7 0.000000 0.000000 0.045573 0.122396
7 0.117188 0.000000 0.125651 0.143229
7 0.501953 0.109375 0.073568 0.159505
7 1.000000 0.189453 0.150391 0.095703
7 1.000000 0.414062 0.134766 0.087891
7 0.630859 0.512370 0.141276 0.091797
7 0.345052 1.000000 0.141276 0.071615
7 0.000000 1.000000 0.104167 0.163411
7 0.000000 1.000000 0.134766 0.132812
7 0.000000 1.000000 0.113281 0.122396
7 1.000000 0.537109 0.147135 0.075521
7 1.000000 0.596354 0.110677 0.132812
7 0.544922 0.876953 0.134766 0.100260
7 0.000000 0.750000 0.187500 0.067057