7 0.000000 0.000000 0.242839 0.085938
7 0.000000 0.000000 0.082682 0.222656
7 0.000000 0.000000 0.180990 0.104167
7 0.000000 0.007812 0.144531 0.151042
7 0.638021 0.000000 0.132161 0.106120
7 0.767578 0.000000 0.098307 0.114583
7 0.715495 0.000000 0.162760 0.065104
7 0.767578 0.000000 0.153646 0.089844
7 0.382812 0.235026 0.162760 0.069010
7 0.195312 0.000000 0.073568 0.118490
7 0.000000 1.000000 0.125651 0.138672
7 0.681641 0.349609 0.104167 0.161458
7 0.822917 0.112630 0.104167 0.093750
7 1.000000 0.000000 0.089193 0.173828
7 1.000000 0.000000 0.202474 0.095703
7 1.000000 1.000000 0.138021 0.054688
7 1.000000 0.847005 0.147135 0.071615
7 1.000000 0.249349 0.119792 0.104167
7 1.000000 1.000000 0.095052 0.147135
7 0.281250 0.896484 0.076823 0.188151
7 0.000000 1.000000 0.113281 0.126302
7 1.000000 1.000000 0.138021 0.106120
7 0.000000 0.542318 0.202474 0.081380
7 1.000000 0.666667 0.110677 0.059245
7 0.438151 0.511719 0.144531 0.071615