7 0.378906 0.000000 0.175130 0.081380
7 0.145182 0.419922 0.134766 0.136719
7 0.000000 0.882812 0.091797 0.163411
7 0.000000 0.940104 0.128906 0.161458
7 0.000000 1.000000 0.236328 0.108073
7 0.378906 1.000000 0.100911 0.190104
7 0.000000 1.000000 0.085938 0.210286
7 0.794271 1.000000 0.138021 0.118490
7 1.000000 0.000000 0.095052 0.186198
7 1.000000 0.180990 0.156250 0.157552
7 1.000000 0.000000 0.193359 0.179688
7 1.000000 0.000000 0.113281 0.190104
7 0.000000 0.455078 0.196615 0.108073
7 1.000000 1.000000 0.138021 0.120443
7 1.000000 1.000000 0.202474 0.110026
7 0.000000 1.000000 0.098307 0.134766
7 0.046224 1.000000 0.073568 0.118490