7 0.000000 0.225260 0.107422 0.093750
7 0.171224 0.448568 0.085938 0.075521
7 1.000000 0.213542 0.125651 0.143229
7 0.863281 0.000000 0.082682 0.151042
7 0.986328 0.000000 0.085938 0.132812
7 0.438802 0.794271 0.162760 0.083333
7 0.629557 0.895182 0.196615 0.067057
7 0.949219 0.625000 0.100911 0.134766
7 1.000000 0.319661 0.141276 0.085938
7 1.000000 0.831380 0.196615 0.079427
7 0.000000 1.000000 0.159505 0.122396
7 0.000000 1.000000 0.079427 0.124349
7 0.000000 0.820964 0.095052 0.147135
7 0.000000 0.579427 0.116536 0.093750
7 0.000000 0.063802 0.153646 0.097656
7 0.000000 0.000000 0.123047 0.095703
7 0.000000 0.000000 0.125651 0.130859
7 0.000000 1.000000 0.153646 0.083333
7 0.395833 1.000000 0.123047 0.126302
7 0.238932 1.000000 0.091797 0.134766
7 1.000000 0.000000 0.199870 0.110026
7 1.000000 0.000000 0.128906 0.081380
7 1.000000 1.000000 0.138021 0.106120
7 0.989583 1.000000 0.132161 0.038411
7 0.000000 0.000000 0.196615 0.097656
7 0.000000 0.000000 0.134766 0.079427
7 1.000000 0.047526 0.091797 0.059245
7 0.000000 0.796875 0.098307 0.059245
7 0.000000 0.210938 0.171875 0.077474
7 0.000000 0.974609 0.125651 0.124349
10 0.000000 1.000000 0.166016 0.130859