7 0.000000 0.653646 0.138021 0.097656
7 0.740234 0.000000 0.100911 0.190104
7 1.000000 0.000000 0.233724 0.134766
7 1.000000 0.000000 0.270182 0.100260
7 0.888021 0.250651 0.055339 0.143229
7 1.000000 0.254557 0.100911 0.236979
7 0.000000 0.000000 0.218099 0.069010
7 0.048177 0.000000 0.141276 0.081380
7 0.000000 0.000000 0.138021 0.190104
7 0.595703 1.000000 0.153646 0.104167
7 0.802083 1.000000 0.190104 0.077474
7 0.552734 1.000000 0.162760 0.194010
7 0.438802 1.000000 0.070312 0.130859
7 1.000000 0.512370 0.116536 0.128906
7 1.000000 0.594401 0.175130 0.077474
7 1.000000 1.000000 0.187500 0.083333
7 1.000000 0.000000 0.089193 0.240885
7 0.000000 0.223958 0.150391 0.091797
7 0.000000 1.000000 0.150391 0.134766
7 0.000000 0.000000 0.144531 0.071615
7 0.291016 0.839844 0.104167 0.085938
7 0.000000 0.574219 0.187500 0.067057
7 0.000000 1.000000 0.159505 0.077474
7 0.000000 1.000000 0.156250 0.100260
7 1.000000 0.958984 0.104167 0.124349
7 0.000000 0.109375 0.144531 0.186198
7 0.000000 0.000000 0.141276 0.102214
7 0.000000 0.000000 0.175130 0.106120