7 0.815755 0.091797 0.067057 0.128906
7 0.978516 0.108073 0.095052 0.163411
7 1.000000 0.000000 0.193359 0.124349
7 0.000000 0.474609 0.147135 0.087891
7 0.175781 0.670573 0.175130 0.128906
7 0.483724 1.000000 0.156250 0.108073
7 1.000000 0.382161 0.116536 0.118490
7 0.972656 0.816406 0.119792 0.143229
7 0.464844 1.000000 0.147135 0.154948
7 0.307943 1.000000 0.061198 0.132812
7 1.000000 0.955078 0.184245 0.081380
7 1.000000 0.192057 0.095052 0.091797
7 1.000000 0.466146 0.166016 0.089844
7 0.000000 1.000000 0.150391 0.106120
7 0.000000 1.000000 0.128906 0.106120
7 0.686198 1.000000 0.166016 0.054688
7 0.000000 0.511068 0.233724 0.069010
7 0.000000 0.360026 0.159505 0.100260
7 0.000000 0.920573 0.110677 0.111979
7 1.000000 0.607422 0.153646 0.152995