7 0.000000 0.000000 0.178385 0.122396
7 0.274089 0.000000 0.113281 0.081380
7 0.541667 0.305339 0.171875 0.095703
7 0.716797 0.414062 0.199870 0.077474
7 0.495443 0.606120 0.110677 0.136719
7 0.338542 0.757812 0.079427 0.114583
7 0.917318 1.000000 0.076823 0.154948
7 0.215495 1.000000 0.107422 0.157552
7 1.000000 1.000000 0.168620 0.081380
7 1.000000 0.000000 0.147135 0.132812
7 1.000000 0.000000 0.156250 0.136719
7 0.000000 1.000000 0.214844 0.102214
7 0.000000 1.000000 0.100911 0.132812
7 0.000000 1.000000 0.073568 0.179688
7 1.000000 0.139974 0.110677 0.132812