7 0.000000 0.047363 0.108398 0.122559
7 0.000000 0.365234 0.119629 0.091797
7 0.187500 0.431152 0.101074 0.090332
7 0.342285 0.560059 0.103516 0.124023
7 0.263672 0.836426 0.119629 0.125488
7 0.466797 0.875000 0.052734 0.094727
7 0.884277 1.000000 0.066895 0.133301
7 0.812988 1.000000 0.117188 0.111816
7 1.000000 0.000000 0.128906 0.177734
7 0.621094 0.000000 0.138184 0.055176
7 0.623535 0.216309 0.096680 0.111816
7 0.741211 0.052246 0.108398 0.056641
7 0.000000 0.000000 0.078125 0.133301
7 1.000000 0.759766 0.145020 0.071777
7 1.000000 0.045898 0.135742 0.070312
7 1.000000 0.000000 0.135742 0.059570
7 0.941895 0.624512 0.128906 0.044434
7 0.697266 0.000000 0.094238 0.039551
7 0.000000 0.778320 0.140625 0.102539
7 0.921387 0.741211 0.140625 0.065918
7 0.215332 1.000000 0.045898 0.098145
7 1.000000 0.360352 0.089844 0.059570
7 1.000000 0.933105 0.101074 0.168457