7 0.000000 0.000000 0.128906 0.126953
7 0.000000 0.293457 0.068848 0.144043
7 0.216309 0.327148 0.103516 0.051758
7 0.000000 0.738770 0.094238 0.148438
7 0.000000 0.337891 0.075684 0.130371
7 0.000000 0.763184 0.064453 0.136230
7 0.000000 1.000000 0.075684 0.122559
7 0.000000 1.000000 0.147461 0.062500
7 0.000000 0.884766 0.154297 0.085938
7 0.781738 0.628418 0.124512 0.068848
7 0.573730 0.269043 0.119629 0.078125
7 0.000000 0.000000 0.172852 0.085938
7 0.753906 0.000000 0.108398 0.118164
7 0.966309 0.737305 0.062012 0.131836
7 0.463379 1.000000 0.062012 0.180664
7 0.322266 1.000000 0.138184 0.068848
7 1.000000 1.000000 0.119629 0.064453
7 1.000000 0.984375 0.080566 0.070312
7 1.000000 1.000000 0.211914 0.083984
7 1.000000 0.831055 0.089844 0.094727
7 1.000000 0.447266 0.096680 0.134766
7 1.000000 1.000000 0.115234 0.050293