7 0.136719 0.038574 0.119629 0.071777
7 0.277344 0.133789 0.149902 0.047363
7 0.102051 0.256836 0.094238 0.101074
7 0.000000 0.376465 0.052734 0.119629
7 0.000000 0.663574 0.092285 0.102539
7 0.000000 0.867676 0.126465 0.124023
7 0.000000 0.965820 0.068848 0.126953
7 0.000000 0.000000 0.101074 0.082520
7 0.000000 0.000000 0.133789 0.055176
7 0.766602 0.000000 0.112793 0.091797
7 0.000000 0.015625 0.080566 0.062500
7 0.000000 1.000000 0.101074 0.153320
7 0.000000 0.657227 0.050293 0.113281
7 0.000000 1.000000 0.066895 0.131836
7 0.381348 0.827637 0.045898 0.130371
7 0.773438 0.882812 0.133789 0.056641
7 1.000000 0.087891 0.149902 0.058105
7 1.000000 0.000000 0.119629 0.044434
7 1.000000 1.000000 0.131348 0.051758
7 0.508301 0.000000 0.084961 0.088867
7 0.000000 0.199707 0.105957 0.065918
7 0.000000 0.577637 0.096680 0.068848