7 0.119629 0.615234 0.103516 0.073242
7 0.680176 0.000000 0.075684 0.142578
7 1.000000 0.000000 0.175293 0.101074
7 1.000000 0.000000 0.202637 0.075195
7 0.791016 0.312988 0.041504 0.107422
7 0.885742 0.315918 0.075684 0.177734
7 0.000000 0.036621 0.163574 0.051758
7 0.161133 0.000000 0.105957 0.061035
7 0.000000 0.000000 0.103516 0.142578
7 0.571777 1.000000 0.115234 0.078125
7 0.726562 1.000000 0.142578 0.058105
7 0.539551 1.000000 0.122070 0.145508
7 0.454102 1.000000 0.052734 0.098145
7 1.000000 0.509277 0.087402 0.096680
7 1.000000 0.570801 0.131348 0.058105
7 1.000000 0.937500 0.140625 0.062500
7 0.973145 0.000000 0.066895 0.180664
7 0.000000 0.292969 0.112793 0.068848
7 0.000000 0.965332 0.112793 0.101074
7 0.000000 0.044434 0.108398 0.053711
7 0.343262 0.754883 0.078125 0.064453
7 0.000000 0.555664 0.140625 0.050293
7 0.000000 1.000000 0.119629 0.058105
7 0.000000 1.000000 0.117188 0.075195
7 0.927246 0.844238 0.078125 0.093262
7 0.000000 0.207031 0.108398 0.139648
7 0.000000 0.000000 0.105957 0.076660
7 0.000000 0.000000 0.131348 0.079590