7 0.000000 0.000000 0.142578 0.062500
7 0.000000 0.000000 0.036621 0.141113
7 0.000000 0.000000 0.101074 0.171875
7 0.000000 0.206543 0.084961 0.114746
7 0.277344 0.776367 0.096680 0.076660
7 0.420410 0.911133 0.117188 0.121094
7 0.533691 1.000000 0.041504 0.105469
7 0.708984 0.567383 0.087402 0.098145
7 0.713379 0.159180 0.119629 0.055176
7 0.824219 0.412598 0.103516 0.048828
7 1.000000 0.186523 0.096680 0.119629
7 0.762207 0.000000 0.092285 0.076660
7 1.000000 0.260254 0.140625 0.067383
7 1.000000 1.000000 0.142578 0.076660
7 1.000000 0.974121 0.131348 0.087402
7 0.992676 1.000000 0.175293 0.070312
7 0.000000 0.701172 0.110352 0.058105
7 0.000000 0.792969 0.110352 0.056641
7 0.000000 0.396973 0.101074 0.096680
7 0.000000 0.000000 0.147461 0.082520
7 0.000000 0.000000 0.135742 0.068848
7 0.298340 1.000000 0.064453 0.124023