7 0.000000 0.000000 0.156738 0.128906
7 0.000000 0.186523 0.073730 0.134766
7 0.000000 0.225098 0.112793 0.070312
7 0.351562 0.142090 0.117188 0.094727
7 0.570801 0.490723 0.115234 0.067383
7 0.769043 0.593262 0.066895 0.130371
7 0.000000 0.699219 0.110352 0.139648
7 0.000000 0.704102 0.080566 0.125488
7 0.000000 0.800781 0.167969 0.071777
7 0.000000 0.966309 0.184570 0.056641
7 0.293945 0.958984 0.080566 0.169922
7 0.162109 1.000000 0.128906 0.101074
7 0.496582 1.000000 0.039062 0.122559
7 0.856934 0.928223 0.108398 0.058105
7 0.958008 0.810059 0.089844 0.078125
7 1.000000 0.641113 0.084961 0.093262
7 1.000000 0.292480 0.096680 0.053711
7 1.000000 0.527344 0.062012 0.150391
7 1.000000 0.685547 0.117188 0.101074
7 1.000000 1.000000 0.172852 0.073242
7 1.000000 1.000000 0.131348 0.048828
7 0.914551 1.000000 0.119629 0.048828
7 0.949219 1.000000 0.145020 0.083984
7 1.000000 1.000000 0.064453 0.157715