7 0.262207 0.634766 0.119629 0.105469
7 0.098633 0.656250 0.161133 0.070312
7 0.000000 1.000000 0.084961 0.136230
7 0.000000 1.000000 0.177246 0.067383
7 0.000000 1.000000 0.094238 0.125488
7 1.000000 0.224609 0.064453 0.139648
7 0.458496 0.278320 0.124512 0.045898
7 1.000000 0.000000 0.105957 0.154785
7 1.000000 0.000000 0.186523 0.162598
7 1.000000 0.459473 0.154297 0.122559
7 0.765137 1.000000 0.124512 0.047363
7 0.456055 1.000000 0.073730 0.157715
7 1.000000 1.000000 0.145020 0.093262
7 0.073242 1.000000 0.073730 0.125488