7 0.218750 0.067383 0.177246 0.090332
7 0.000000 0.000000 0.218750 0.061035
7 0.207031 0.000000 0.167969 0.159180
7 0.043457 0.038086 0.071289 0.137695
7 0.209473 0.494141 0.177246 0.076660
7 0.057129 0.668945 0.193359 0.071777
7 0.000000 0.575195 0.188965 0.076660
7 0.345703 1.000000 0.075684 0.209961
7 0.774902 1.000000 0.119629 0.173340
7 0.899414 1.000000 0.140625 0.169922
7 0.567383 0.742676 0.167969 0.159180
7 0.848633 0.432617 0.110352 0.179199
7 1.000000 0.618164 0.133789 0.179199
7 1.000000 0.542969 0.078125 0.237793