7 0.000000 0.315918 0.101074 0.259277
7 0.381348 0.615234 0.202637 0.073242
7 0.549805 0.510742 0.198242 0.121094
7 1.000000 0.000000 0.159180 0.231445
7 0.912109 0.000000 0.184570 0.116211
7 0.000000 1.000000 0.313477 0.099609
7 0.000000 1.000000 0.221191 0.220703
7 0.235840 1.000000 0.184570 0.212891
7 0.240723 1.000000 0.202637 0.223633
7 0.000000 0.116699 0.375977 0.064453
9 0.258789 0.254395 0.166016 0.166992
9 1.000000 0.000000 0.271973 0.174805
9 1.000000 0.000000 0.161133 0.141113
9 0.515137 1.000000 0.154297 0.153320
9 0.434570 0.960938 0.133789 0.144043