7 0.000000 0.427246 0.124512 0.102539
7 0.000000 0.454590 0.147461 0.081055
7 0.000000 0.995117 0.045898 0.134766
7 0.000000 1.000000 0.083008 0.121094
7 0.000000 1.000000 0.080566 0.125488
7 0.000000 0.978027 0.138184 0.056641
7 0.013672 0.901367 0.043457 0.128906
7 0.000000 0.069336 0.135742 0.050293
7 0.574219 0.008301 0.057617 0.094727
7 1.000000 0.000000 0.135742 0.165527
7 1.000000 0.083496 0.105957 0.144043
7 1.000000 0.000000 0.112793 0.087402
7 1.000000 1.000000 0.115234 0.121094
7 0.922363 1.000000 0.133789 0.081055
7 1.000000 1.000000 0.068848 0.133301
7 1.000000 1.000000 0.083008 0.141113
7 0.685059 0.831055 0.094238 0.093262
7 0.313477 0.922852 0.126465 0.058105
7 0.813965 0.219727 0.124512 0.116211