7 0.736816 0.275391 0.050293 0.096680
7 0.858887 0.287598 0.071289 0.122559
7 0.000000 0.000000 0.119629 0.107422
7 0.658203 0.000000 0.078125 0.113281
7 1.000000 0.000000 0.145020 0.093262
7 0.040039 0.562500 0.110352 0.065918
7 0.256836 0.709473 0.131348 0.096680
7 0.487793 0.972168 0.117188 0.081055
7 1.000000 0.493164 0.087402 0.088867
7 0.854492 0.818848 0.089844 0.107422
7 0.473633 1.000000 0.110352 0.116211
7 0.355957 1.000000 0.045898 0.099609
7 1.000000 0.922852 0.138184 0.061035
7 1.000000 0.350586 0.071289 0.068848
7 1.000000 0.556152 0.124512 0.067383
7 0.000000 0.000000 0.117188 0.048828
7 0.000000 0.000000 0.115234 0.047363
7 0.113770 0.000000 0.099121 0.056641
7 0.000000 1.000000 0.112793 0.079590
7 0.000000 1.000000 0.096680 0.079590
7 0.639648 1.000000 0.124512 0.041016
7 0.000000 0.589844 0.175293 0.051758
7 0.000000 0.476562 0.119629 0.075195
7 0.000000 0.896973 0.083008 0.083984
7 1.000000 0.662109 0.115234 0.114746