7 0.000000 1.000000 0.073730 0.141113
7 0.000000 1.000000 0.163574 0.055176
7 0.000000 1.000000 0.083008 0.111816
7 0.219727 0.636719 0.117188 0.104004
7 0.067383 0.665527 0.138184 0.075195
7 0.420410 0.274414 0.140625 0.042969
7 0.416016 1.000000 0.064453 0.159180
7 0.032715 1.000000 0.068848 0.134766
7 1.000000 0.228027 0.066895 0.119629
7 1.000000 0.000000 0.166016 0.113281
7 1.000000 0.000000 0.105957 0.137695
7 1.000000 0.469238 0.133789 0.121094
7 0.736816 1.000000 0.122070 0.061035
7 1.000000 1.000000 0.126465 0.102539