7 0.000000 0.394043 0.073730 0.105469
7 0.401855 0.216309 0.149902 0.047363
7 0.621094 0.366699 0.133789 0.068848
7 0.863281 0.440430 0.115234 0.059570
7 1.000000 0.733398 0.151855 0.121094
7 0.000000 1.000000 0.073730 0.131836
7 0.000000 0.931641 0.099121 0.053711
7 0.081055 1.000000 0.170410 0.062500
7 0.108887 0.529297 0.092285 0.047363
7 0.000000 0.191406 0.062012 0.141113
7 1.000000 1.000000 0.135742 0.083984
7 0.738770 1.000000 0.140625 0.082520
7 1.000000 1.000000 0.105957 0.098145
7 1.000000 1.000000 0.124512 0.056641
7 1.000000 1.000000 0.126465 0.091797
7 0.987793 0.469238 0.050293 0.122559
7 0.920898 0.341797 0.055176 0.094727
7 1.000000 0.535645 0.154297 0.078125
7 0.000000 0.000000 0.066895 0.125488
7 0.000000 0.000000 0.122070 0.094727
7 0.076660 0.808594 0.087402 0.064453