7 0.000000 0.022949 0.119629 0.122559
7 0.000000 0.000000 0.142578 0.070312
7 0.582031 0.000000 0.089844 0.126953
7 0.000000 0.515625 0.064453 0.146973
7 0.000000 0.583008 0.089844 0.134766
7 0.000000 0.980469 0.055176 0.105469
7 0.000000 1.000000 0.036621 0.162598
7 0.000000 1.000000 0.128906 0.102539
7 0.000000 1.000000 0.126465 0.059570
7 0.046875 0.557129 0.089844 0.058105
7 0.406738 0.489258 0.105957 0.099609
7 0.614258 0.856445 0.124512 0.087402
7 0.808105 0.980469 0.064453 0.113281
7 0.300293 1.000000 0.055176 0.182617
7 0.886230 1.000000 0.112793 0.058105
7 1.000000 1.000000 0.101074 0.113281
7 1.000000 0.684570 0.108398 0.105469
7 1.000000 0.999023 0.057617 0.191406
7 0.349121 0.000000 0.064453 0.139648
7 0.990234 1.000000 0.062012 0.082520