7 0.000000 0.350586 0.124512 0.119629
7 0.013184 0.000000 0.145020 0.050293
7 0.000000 0.702148 0.094238 0.128906
7 0.000000 0.863281 0.216797 0.058105
7 0.000000 0.907715 0.105957 0.136230
7 0.000000 1.000000 0.080566 0.159180
7 0.000000 1.000000 0.059570 0.139648
7 0.045410 0.791016 0.062012 0.165527
7 0.354492 0.846680 0.105957 0.065918
7 0.610840 0.000000 0.066895 0.108887
7 1.000000 0.000000 0.151855 0.126953
7 0.853027 0.158691 0.103516 0.105469
7 0.712402 0.768066 0.119629 0.096680
7 0.952148 1.000000 0.135742 0.078125
7 1.000000 1.000000 0.062012 0.122559
7 1.000000 1.000000 0.101074 0.113281
7 1.000000 0.954102 0.115234 0.130371