7 0.000000 0.020996 0.073730 0.124023
7 0.000000 0.000000 0.119629 0.085938
7 0.000000 0.000000 0.138184 0.065918
7 0.000000 0.372559 0.050293 0.119629
7 0.000000 0.487793 0.108398 0.096680
7 0.000000 0.174316 0.073730 0.101074
7 0.446777 0.000000 0.099121 0.073242
7 0.001465 0.581055 0.122070 0.064453
7 0.000000 1.000000 0.115234 0.096680
7 0.000000 1.000000 0.101074 0.113281
7 0.223145 1.000000 0.062012 0.111816
7 0.525391 1.000000 0.108398 0.102539
7 0.402832 0.952637 0.105957 0.059570
7 0.744629 1.000000 0.066895 0.108887
7 1.000000 1.000000 0.062012 0.146973
7 0.774414 0.694824 0.050293 0.099609
7 0.395996 0.321777 0.059570 0.042969
7 0.945312 0.300293 0.131348 0.083984
7 1.000000 0.381836 0.154297 0.039551
7 0.910645 0.548828 0.092285 0.098145
7 0.700684 0.014648 0.087402 0.062500
7 1.000000 0.000000 0.101074 0.119629
7 1.000000 0.117676 0.080566 0.101074
7 1.000000 0.619629 0.133789 0.033691
7 1.000000 1.000000 0.119629 0.068848
7 0.000000 0.166992 0.050293 0.114746
7 0.000000 0.000000 0.080566 0.111816
7 0.539062 1.000000 0.101074 0.124023
10 0.000000 0.941895 0.133789 0.091797