7 0.267090 0.434082 0.138184 0.108887
7 0.124023 0.458496 0.161133 0.079590
7 0.000000 0.957520 0.186523 0.055176
7 0.124023 0.999023 0.101074 0.118164
7 0.144531 1.000000 0.092285 0.113281
7 0.220703 1.000000 0.068848 0.108887
7 0.470215 0.908203 0.083008 0.157715
7 0.758301 0.936035 0.115234 0.067383
7 0.446777 0.071777 0.131348 0.047363
7 1.000000 0.050293 0.059570 0.151855
7 1.000000 0.234375 0.126465 0.131836
7 1.000000 0.000000 0.140625 0.111816
7 1.000000 0.000000 0.115234 0.136230
7 1.000000 0.863770 0.112793 0.088867
7 1.000000 1.000000 0.142578 0.082520
7 0.000000 0.785645 0.092285 0.126953
7 0.000000 0.839355 0.103516 0.114746