7 0.409180 0.086914 0.131348 0.061035
7 0.233887 0.439941 0.101074 0.102539
7 0.000000 0.787109 0.068848 0.122559
7 0.000000 0.830078 0.096680 0.121094
7 0.000000 0.948242 0.177246 0.081055
7 0.409180 0.926758 0.075684 0.142578
7 0.058594 0.992676 0.064453 0.157715
7 0.720703 0.969727 0.103516 0.088867
7 1.000000 0.048828 0.071289 0.139648
7 1.000000 0.260742 0.117188 0.118164
7 1.000000 0.000000 0.145020 0.134766
7 1.000000 0.000000 0.084961 0.142578
7 0.081543 0.466309 0.147461 0.081055
7 1.000000 0.900391 0.103516 0.090332
7 1.000000 1.000000 0.151855 0.082520
7 0.081543 1.000000 0.073730 0.101074
7 0.159668 1.000000 0.055176 0.088867