7 0.000000 0.000000 0.092285 0.159180
7 0.000000 0.348145 0.050293 0.107422
7 0.000000 0.469238 0.115234 0.082520
7 0.075684 0.560059 0.105957 0.061035
7 0.000000 0.991211 0.149902 0.088867
7 0.000000 1.000000 0.105957 0.110352
7 0.285645 1.000000 0.059570 0.107422
7 0.604004 1.000000 0.115234 0.093262
7 0.477051 0.936035 0.092285 0.041016
7 0.874023 0.662598 0.050293 0.085938
7 1.000000 0.510742 0.112793 0.114746
7 1.000000 0.265137 0.122070 0.081055
7 1.000000 0.344727 0.166016 0.050293
7 0.518555 0.000000 0.099121 0.087402
7 0.000000 0.000000 0.124512 0.085938
7 0.000000 0.000000 0.133789 0.064453
7 0.839355 1.000000 0.078125 0.101074
7 1.000000 1.000000 0.135742 0.098145
7 1.000000 1.000000 0.078125 0.137695
7 1.000000 0.601074 0.117188 0.041016
7 1.000000 0.071777 0.092285 0.114746
7 0.776855 0.000000 0.084961 0.058105
7 1.000000 0.000000 0.105957 0.134766
7 0.000000 0.154785 0.045898 0.108887
7 0.000000 0.162109 0.078125 0.090332
10 0.000000 0.932617 0.133789 0.101074