7 0.000000 0.000000 0.094238 0.045898
7 0.000000 0.000000 0.083008 0.104004
7 0.073242 0.303223 0.101074 0.059570
7 0.312988 0.458008 0.087402 0.055176
7 1.000000 0.252441 0.062012 0.099609
7 0.880859 0.048340 0.071289 0.099609
7 1.000000 0.000000 0.145020 0.081055
7 1.000000 0.000000 0.170410 0.073242
7 1.000000 0.700684 0.156738 0.048828
7 0.509277 0.719238 0.101074 0.059570
7 0.654297 0.798828 0.147461 0.028809
7 0.486328 0.939941 0.099121 0.096680
7 0.370605 1.000000 0.045898 0.085938
7 0.000000 0.969238 0.092285 0.059570
7 0.000000 0.608398 0.094238 0.075195
7 0.109863 1.000000 0.110352 0.096680
7 0.000000 0.777344 0.068848 0.099609
7 0.000000 0.210938 0.105957 0.055176
7 0.000000 0.000000 0.117188 0.041016
7 0.000000 0.000000 0.078125 0.056641
7 0.864258 0.576172 0.062012 0.098145
7 1.000000 0.326172 0.138184 0.050293
7 0.000000 1.000000 0.050293 0.121094
10 0.000000 1.000000 0.094238 0.091797