7 0.000000 0.000000 0.214355 0.059570
7 0.000000 0.578613 0.200684 0.070312
7 0.038574 0.673828 0.214355 0.078125
7 0.195312 0.492676 0.191406 0.081055
7 0.211426 0.060059 0.172852 0.081055
7 0.029297 0.022949 0.083008 0.165527
7 0.190918 0.000000 0.156738 0.168457
7 0.859863 0.436035 0.092285 0.169922
7 1.000000 0.625000 0.128906 0.188477
7 0.557617 0.750488 0.179688 0.165527
7 0.770020 1.000000 0.110352 0.169922
7 0.901367 1.000000 0.140625 0.176270
7 0.363770 1.000000 0.057617 0.227051
7 1.000000 0.566406 0.062012 0.214844