7 0.000000 0.229004 0.087402 0.083984
7 0.057617 0.393555 0.068848 0.067383
7 0.239746 0.654297 0.131348 0.053711
7 0.375977 0.746582 0.126465 0.070312
7 0.205078 0.876953 0.103516 0.094727
7 0.073730 0.998047 0.059570 0.105469
7 0.000000 0.637207 0.057617 0.124023
7 0.000000 0.760254 0.078125 0.114746
7 0.000000 1.000000 0.142578 0.091797
7 0.000000 1.000000 0.163574 0.076660
7 0.657227 0.040039 0.096680 0.102539
7 1.000000 0.000000 0.133789 0.083984
7 1.000000 0.000000 0.172852 0.068848
7 1.000000 0.748047 0.124512 0.067383
7 0.851074 0.273438 0.092285 0.111816
7 1.000000 0.526855 0.133789 0.085938
7 0.991699 0.117188 0.073730 0.093262
7 0.000000 0.078613 0.135742 0.102539
7 0.602051 0.546875 0.073730 0.093262