7 0.050293 0.236816 0.154297 0.059570
7 0.138184 0.000000 0.052734 0.122559
7 0.000000 0.208984 0.066895 0.122559
7 0.000000 1.000000 0.112793 0.056641
7 0.617676 0.519043 0.149902 0.064453
7 0.313477 0.425781 0.117188 0.065918
7 0.682617 0.408691 0.103516 0.099609
7 0.760742 0.554688 0.057617 0.104004
7 0.000000 0.941406 0.131348 0.078125
7 0.744629 0.000000 0.131348 0.110352
7 0.705566 0.000000 0.073730 0.150391
7 0.463379 0.000000 0.055176 0.191406
7 1.000000 0.916992 0.135742 0.108887
7 1.000000 1.000000 0.078125 0.141113
7 0.000000 0.588379 0.124512 0.056641
7 1.000000 1.000000 0.142578 0.104004