7 0.592285 0.000000 0.138184 0.071777
7 0.415039 0.000000 0.172852 0.050293
7 0.398438 0.000000 0.080566 0.082520
7 0.260254 0.015137 0.050293 0.137695
7 0.000000 0.285156 0.115234 0.085938
7 0.149414 0.607422 0.078125 0.111816
7 0.190918 1.000000 0.068848 0.122559
7 0.000000 1.000000 0.101074 0.110352
7 0.548828 1.000000 0.099121 0.083984
7 0.684570 1.000000 0.089844 0.091797
7 1.000000 0.569336 0.133789 0.053711
7 0.675293 0.504883 0.062012 0.108887
7 1.000000 0.848633 0.170410 0.055176
7 1.000000 0.773438 0.112793 0.094727
7 1.000000 0.733398 0.179688 0.065918
7 1.000000 0.885254 0.078125 0.113281
7 0.000000 0.263672 0.071289 0.126953
7 0.000000 0.483398 0.087402 0.118164
7 0.000000 0.996094 0.073730 0.126953