7 0.000000 0.316406 0.126465 0.107422
7 0.029297 0.000000 0.145020 0.050293
7 0.000000 0.664551 0.112793 0.124023
7 0.000000 0.816406 0.182129 0.055176
7 0.000000 0.857910 0.096680 0.116211
7 0.057129 0.779785 0.059570 0.144043
7 0.352539 0.812012 0.105957 0.055176
7 0.716797 0.742676 0.099121 0.096680
7 0.945312 1.000000 0.135742 0.081055
7 0.144531 1.000000 0.126465 0.101074
7 0.000000 1.000000 0.099121 0.128906
7 0.000000 1.000000 0.071289 0.125488
7 1.000000 1.000000 0.059570 0.169922
7 0.848633 0.121094 0.103516 0.122559
7 0.615234 0.000000 0.068848 0.118164
7 1.000000 0.000000 0.154297 0.099609
7 1.000000 1.000000 0.112793 0.107422
7 1.000000 0.923828 0.126465 0.111816