7 0.487305 0.000000 0.101074 0.055176
7 0.362793 0.000000 0.073730 0.113281
7 0.000000 0.000000 0.101074 0.079590
7 0.058594 0.128906 0.094238 0.119629
7 0.000000 0.417480 0.089844 0.101074
7 0.000000 0.592285 0.048340 0.104004
7 0.192383 0.451172 0.050293 0.121094
7 0.000000 1.000000 0.059570 0.111816
7 0.000000 0.986816 0.096680 0.139648
7 0.000000 1.000000 0.135742 0.105469
7 0.526855 0.927246 0.096680 0.075195
7 0.665039 0.311523 0.142578 0.064453
7 1.000000 0.000000 0.117188 0.048828
7 1.000000 0.312988 0.108398 0.059570
7 1.000000 0.509766 0.112793 0.085938
7 1.000000 0.834961 0.163574 0.058105
7 1.000000 1.000000 0.122070 0.098145
7 1.000000 1.000000 0.043457 0.105469
7 0.946777 0.504883 0.101074 0.108887
7 0.687988 0.199219 0.084961 0.059570
7 0.944336 0.000000 0.096680 0.050293
7 0.773438 1.000000 0.103516 0.059570
7 0.981445 1.000000 0.078125 0.116211
7 0.000000 0.729004 0.110352 0.033691
7 0.000000 1.000000 0.087402 0.124023
7 0.595703 0.805664 0.059570 0.121094
10 0.517578 1.000000 0.140625 0.096680