7 0.000000 0.000000 0.147461 0.107422
7 0.000000 0.129395 0.075684 0.159180
7 0.000000 0.161621 0.101074 0.078125
7 0.311035 0.083496 0.094238 0.093262
7 0.537109 0.427246 0.135742 0.064453
7 0.712402 0.529785 0.057617 0.124023
7 0.000000 0.729492 0.161133 0.067383
7 0.000000 0.626465 0.096680 0.122559
7 0.000000 0.640625 0.057617 0.136230
7 0.000000 0.892090 0.138184 0.056641
7 0.250977 0.899902 0.057617 0.171875
7 0.117188 1.000000 0.117188 0.076660
7 0.000000 1.000000 0.119629 0.058105
7 0.899414 0.728027 0.073730 0.087402
7 0.804688 0.855469 0.103516 0.075195
7 0.869141 1.000000 0.115234 0.056641
7 0.910645 1.000000 0.138184 0.076660
7 0.966309 1.000000 0.099121 0.078125
7 0.433105 1.000000 0.036621 0.114746
7 1.000000 1.000000 0.071289 0.113281
7 1.000000 0.984375 0.163574 0.073242
7 1.000000 0.588379 0.078125 0.113281
7 1.000000 0.190918 0.103516 0.108887
7 1.000000 0.569824 0.073730 0.087402
7 1.000000 0.975098 0.119629 0.055176