7 0.333984 0.000000 0.108398 0.104004
7 0.192871 0.000000 0.062012 0.093262
7 0.000000 0.000000 0.142578 0.105469
7 0.091309 0.329590 0.073730 0.124023
7 1.000000 0.292969 0.142578 0.065918
7 0.151367 1.000000 0.071289 0.136230
7 0.000000 1.000000 0.080566 0.108887
7 1.000000 0.562988 0.128906 0.051758
7 1.000000 0.459961 0.124512 0.082520
7 0.652344 0.784180 0.087402 0.078125
7 0.707520 0.524414 0.089844 0.039551
7 0.631348 0.239258 0.084961 0.164062
7 0.511230 0.882324 0.135742 0.083984
7 0.000000 1.000000 0.083008 0.088867
7 1.000000 0.104004 0.170410 0.102539
7 0.000000 0.000000 0.078125 0.118164
7 0.000000 0.662598 0.101074 0.075195
7 0.000000 0.576660 0.140625 0.110352
7 0.000000 0.203613 0.084961 0.121094
7 0.000000 0.449219 0.115234 0.121094