7 0.022461 0.305664 0.149902 0.065918
7 0.000000 0.283691 0.073730 0.130371
7 0.299316 0.497070 0.115234 0.101074
7 0.620117 0.590820 0.149902 0.065918
7 0.679688 0.475586 0.089844 0.110352
7 0.762695 0.627930 0.057617 0.108887
7 1.000000 1.000000 0.103516 0.107422
7 1.000000 1.000000 0.092285 0.148438
7 0.703125 0.000000 0.071289 0.161133
7 0.735352 0.010742 0.119629 0.105469
7 0.109863 0.042969 0.050293 0.121094
7 1.000000 0.729004 0.156738 0.083984
7 1.000000 0.000000 0.135742 0.082520
7 0.000000 0.647949 0.126465 0.091797
7 0.000000 1.000000 0.119629 0.083984
7 0.000000 1.000000 0.110352 0.051758