7 0.000000 0.000000 0.087402 0.124023
7 0.000000 0.000000 0.099121 0.102539
7 0.210449 0.000000 0.096680 0.133301
7 0.000000 0.952148 0.066895 0.128906
7 1.000000 0.170410 0.101074 0.079590
7 0.438965 0.657227 0.083008 0.122559
7 0.623535 0.892090 0.108398 0.042969
7 0.214844 0.469727 0.073730 0.067383
7 0.030273 0.293457 0.062012 0.094727
7 0.000000 0.445312 0.059570 0.098145
7 0.000000 0.572754 0.083008 0.062500
7 0.498535 0.159668 0.145020 0.093262
7 0.535645 0.041504 0.112793 0.083984
7 1.000000 0.958008 0.108398 0.104004
7 1.000000 0.689453 0.166016 0.078125
7 1.000000 0.803223 0.186523 0.056641
7 0.812500 1.000000 0.080566 0.096680
7 0.000000 1.000000 0.078125 0.108887
7 0.372070 0.789062 0.105957 0.088867
7 1.000000 0.367188 0.080566 0.073242
7 0.791992 0.365723 0.101074 0.116211
7 0.814941 1.000000 0.094238 0.113281
7 1.000000 1.000000 0.119629 0.067383
7 1.000000 1.000000 0.052734 0.093262
7 0.787109 0.000000 0.089844 0.065918
7 0.004883 1.000000 0.119629 0.088867
10 0.353516 1.000000 0.147461 0.098145