7 0.000000 1.000000 0.103516 0.250000
7 0.900391 0.578125 0.156738 0.090332
7 1.000000 0.558105 0.108398 0.173340
7 0.448242 1.000000 0.184570 0.088867
7 0.609863 1.000000 0.177246 0.122559
7 1.000000 0.898926 0.281250 0.165527
7 1.000000 0.613281 0.177246 0.205566
7 1.000000 0.000000 0.216797 0.114746
7 0.791992 0.167969 0.309082 0.166992
7 0.000000 0.000000 0.205078 0.229980
7 0.000000 0.000000 0.159180 0.250000
7 0.000000 0.900391 0.276855 0.081055
9 0.300293 0.951172 0.179688 0.267090
9 0.000000 0.238770 0.195801 0.220703
9 1.000000 0.444336 0.218750 0.225586
9 1.000000 0.020508 0.149902 0.252930