7 0.709961 0.000000 0.108398 0.053711
7 0.585449 0.000000 0.089844 0.113281
7 0.140137 0.200684 0.096680 0.087402
7 0.283203 0.329590 0.115234 0.133301
7 0.000000 0.536621 0.133789 0.101074
7 0.000000 1.000000 0.101074 0.182617
7 0.000000 1.000000 0.167969 0.059570
7 0.000000 1.000000 0.128906 0.085938
7 0.000000 1.000000 0.052734 0.125488
7 0.903809 0.376953 0.096680 0.105469
7 0.818359 1.000000 0.059570 0.104004
7 0.749023 1.000000 0.096680 0.090332
7 0.410156 0.645996 0.064453 0.099609
7 0.200195 0.619629 0.087402 0.102539
7 0.161133 0.782227 0.057617 0.114746
7 1.000000 0.515137 0.117188 0.071777
7 1.000000 0.739258 0.110352 0.107422
7 1.000000 0.697754 0.110352 0.146973
7 1.000000 0.122559 0.092285 0.058105
7 1.000000 0.000000 0.145020 0.050293
7 1.000000 1.000000 0.110352 0.064453
7 1.000000 1.000000 0.096680 0.137695
7 0.871582 0.509277 0.119629 0.071777
7 1.000000 0.000000 0.154297 0.051758
7 0.581055 0.787109 0.083008 0.096680