7 0.000000 0.000000 0.182129 0.064453
7 0.063965 0.000000 0.062012 0.166992
7 0.000000 0.000000 0.135742 0.078125
7 0.000000 0.130859 0.108398 0.113281
7 0.603516 0.000000 0.099121 0.079590
7 0.700684 0.000000 0.073730 0.085938
7 0.661621 0.012695 0.122070 0.048828
7 0.700684 0.000000 0.115234 0.067383
7 0.412109 0.301270 0.122070 0.051758
7 0.271484 0.110840 0.055176 0.088867
7 0.000000 1.000000 0.094238 0.104004
7 0.636230 0.387207 0.078125 0.121094
7 0.742188 0.209473 0.078125 0.070312
7 0.996094 0.097168 0.066895 0.130371
7 1.000000 0.000000 0.151855 0.071777
7 1.000000 1.000000 0.103516 0.041016
7 1.000000 0.760254 0.110352 0.053711
7 1.000000 0.312012 0.089844 0.078125
7 1.000000 1.000000 0.071289 0.110352
7 0.335938 0.797363 0.057617 0.141113
7 0.029297 1.000000 0.084961 0.094727
7 0.896484 1.000000 0.103516 0.079590
7 0.001465 0.531738 0.151855 0.061035
7 1.000000 0.625000 0.083008 0.044434
7 0.453613 0.508789 0.108398 0.053711