7 0.000000 0.000000 0.094238 0.104004
7 0.000000 0.000000 0.052734 0.108887
7 0.000000 0.448242 0.080566 0.107422
7 0.000000 1.000000 0.094238 0.113281
7 0.000000 1.000000 0.062012 0.136230
7 0.046387 0.958984 0.083008 0.048828
7 0.482422 0.283691 0.131348 0.053711
7 0.678711 0.437500 0.078125 0.067383
7 0.937012 0.512695 0.115234 0.055176
7 1.000000 1.000000 0.147461 0.076660
7 0.828613 1.000000 0.105957 0.058105
7 0.175781 0.850098 0.108398 0.071777
7 1.000000 0.538574 0.064453 0.124023
7 0.990234 0.412598 0.071289 0.093262
7 1.000000 0.917969 0.083008 0.102539
7 1.000000 0.802734 0.138184 0.124023
7 0.000000 0.138184 0.140625 0.094727
7 0.069336 0.274414 0.073730 0.130371
7 0.168945 0.000000 0.105957 0.056641