7 0.101074 0.279297 0.112793 0.091797
7 0.265137 0.385254 0.068848 0.096680
7 0.000000 1.000000 0.099121 0.179199
7 0.000000 1.000000 0.135742 0.105469
7 0.000000 1.000000 0.073730 0.137695
7 0.728516 1.000000 0.101074 0.088867
7 0.677734 0.000000 0.089844 0.035156
7 0.562500 0.000000 0.112793 0.050293
7 1.000000 0.000000 0.101074 0.148438
7 0.869629 0.460449 0.124512 0.078125
7 0.855469 0.592285 0.133789 0.071777
7 0.184082 0.690430 0.096680 0.073242
7 0.564941 0.045898 0.078125 0.098145
7 1.000000 0.593750 0.140625 0.130371
7 1.000000 0.796387 0.089844 0.093262
7 0.800293 1.000000 0.055176 0.146973
7 1.000000 1.000000 0.110352 0.075195
7 0.560059 0.875000 0.094238 0.076660
7 0.391602 0.718262 0.073730 0.099609
7 1.000000 0.000000 0.135742 0.061035
7 1.000000 0.000000 0.161133 0.061035
7 1.000000 0.204102 0.075684 0.082520
7 0.000000 0.615234 0.149902 0.119629
7 0.149414 0.844238 0.041504 0.126953