7 0.455078 0.161621 0.124512 0.088867
7 0.136719 0.000000 0.066895 0.111816
7 0.000000 0.000000 0.096680 0.076660
7 0.000000 0.077148 0.112793 0.108887
7 0.000000 0.424316 0.052734 0.113281
7 0.000000 0.404297 0.110352 0.085938
7 0.000000 0.580566 0.043457 0.119629
7 0.385742 0.774414 0.083008 0.093262
7 0.307617 0.914062 0.084961 0.096680
7 0.554199 1.000000 0.105957 0.076660
7 1.000000 0.275391 0.115234 0.088867
7 1.000000 0.793945 0.142578 0.078125
7 1.000000 0.904785 0.188965 0.041016
7 1.000000 1.000000 0.103516 0.088867
7 1.000000 1.000000 0.050293 0.083984
7 0.000000 1.000000 0.071289 0.122559
7 0.964844 1.000000 0.103516 0.070312
7 0.754883 1.000000 0.101074 0.111816
7 0.944336 0.000000 0.124512 0.071777
7 0.000000 1.000000 0.089844 0.105469
7 0.429688 0.284668 0.138184 0.079590
7 0.734375 0.490234 0.108398 0.104004
7 0.256836 0.000000 0.119629 0.042969
7 0.706543 0.000000 0.083008 0.058105
10 0.302734 1.000000 0.145020 0.108887