7 0.000000 0.000000 0.133789 0.091797
7 0.000000 0.094727 0.084961 0.061035
7 0.068359 0.354004 0.128906 0.071777
7 0.199707 0.435547 0.149902 0.058105
7 0.033691 0.579590 0.083008 0.102539
7 0.000000 0.693359 0.059570 0.085938
7 0.350098 1.000000 0.057617 0.116211
7 0.000000 1.000000 0.080566 0.118164
7 0.739746 1.000000 0.126465 0.061035
7 0.656738 0.000000 0.110352 0.099609
7 0.462891 0.000000 0.117188 0.102539
7 1.000000 0.351074 0.151855 0.056641
7 0.000000 0.991211 0.161133 0.076660
7 0.000000 1.000000 0.075684 0.099609
7 1.000000 0.000000 0.124512 0.091797
7 1.000000 0.102539 0.131348 0.076660
7 0.000000 1.000000 0.055176 0.134766
7 0.435059 0.229980 0.083008 0.099609