7 0.000000 0.000000 0.115234 0.104004
7 0.000000 0.000000 0.092285 0.108887
7 0.000000 0.203613 0.068848 0.130371
7 0.000000 0.337402 0.068848 0.122559
7 0.000000 0.151367 0.092285 0.134766
7 0.263672 0.671875 0.122070 0.083984
7 0.342285 0.570801 0.050293 0.111816
7 0.510742 0.790039 0.115234 0.059570
7 0.109375 0.358887 0.108398 0.067383
7 0.399902 0.048828 0.131348 0.087402
7 0.441406 0.000000 0.103516 0.093262
7 1.000000 0.585938 0.156738 0.071777
7 1.000000 0.708496 0.188965 0.056641
7 1.000000 0.061035 0.117188 0.081055
7 1.000000 0.263672 0.101074 0.085938
7 0.695312 0.000000 0.096680 0.071777
7 1.000000 0.851562 0.112793 0.088867
7 1.000000 1.000000 0.059570 0.102539
7 0.695312 1.000000 0.052734 0.108887
7 0.912109 1.000000 0.126465 0.068848
7 1.000000 1.000000 0.145020 0.098145
7 0.000000 0.820801 0.062012 0.104004
7 0.699707 0.928223 0.084961 0.108887
7 0.000000 0.980469 0.078125 0.116211
7 0.000000 1.000000 0.105957 0.098145
7 0.688477 0.262207 0.080566 0.093262
10 0.247559 1.000000 0.135742 0.113281