7 1.000000 0.000000 0.096680 0.145508
7 0.088379 0.357422 0.092285 0.075195
7 0.231445 0.481445 0.103516 0.113281
7 0.000000 1.000000 0.105957 0.174805
7 0.000000 1.000000 0.124512 0.104004
7 0.000000 1.000000 0.062012 0.067383
7 0.710938 1.000000 0.108398 0.094727
7 0.969727 1.000000 0.117188 0.087402
7 0.770996 1.000000 0.078125 0.124023
7 0.355957 0.791504 0.055176 0.111816
7 0.129883 0.943848 0.057617 0.108887
7 0.517090 0.133301 0.094238 0.119629
7 0.531250 0.000000 0.115234 0.068848
7 0.639648 0.000000 0.101074 0.068848
7 1.000000 0.651855 0.119629 0.071777
7 1.000000 0.868652 0.128906 0.079590
7 0.837891 0.535156 0.117188 0.071777
7 1.000000 0.000000 0.145020 0.065918
7 1.000000 0.000000 0.133789 0.091797
7 1.000000 0.000000 0.154297 0.076660
7 1.000000 0.275879 0.099121 0.058105
7 1.000000 0.842285 0.105957 0.166992
7 0.808105 0.658203 0.122070 0.064453