7 0.000000 0.026367 0.154297 0.073242
7 0.000000 0.000000 0.170410 0.099609
7 0.000000 0.000000 0.105957 0.067383
7 0.000000 0.062988 0.029785 0.189941
7 0.000000 0.227539 0.124512 0.065918
7 0.220703 0.062988 0.108398 0.082520
7 0.310547 0.000000 0.092285 0.082520
7 0.135254 0.000000 0.059570 0.162598
7 0.550781 0.000000 0.073730 0.134766
7 0.250977 0.322754 0.131348 0.047363
7 0.306152 0.276367 0.145020 0.075195
7 0.000000 0.425293 0.050293 0.122559
7 0.001465 0.615723 0.167969 0.058105
7 0.000000 1.000000 0.066895 0.116211
7 0.000000 1.000000 0.115234 0.118164
7 0.000000 0.855469 0.105957 0.045898
7 0.158691 0.663574 0.062012 0.107422
7 0.248535 0.710938 0.066895 0.108887
7 0.333984 0.529785 0.099121 0.076660
7 0.599121 0.428711 0.092285 0.079590
7 0.919922 0.168945 0.135742 0.053711
7 0.998047 0.000000 0.094238 0.110352
7 0.744629 0.168945 0.117188 0.038086
7 0.958984 1.000000 0.124512 0.051758
7 1.000000 0.425293 0.112793 0.061035
7 1.000000 1.000000 0.122070 0.146973
7 1.000000 1.000000 0.115234 0.039551
7 1.000000 0.245605 0.151855 0.048828
7 1.000000 0.000000 0.179688 0.079590
7 1.000000 0.000000 0.055176 0.146973
7 0.986816 0.627930 0.117188 0.076660
7 0.000000 0.457520 0.138184 0.096680