7 0.424316 0.112305 0.138184 0.047363
7 0.232422 0.458008 0.089844 0.107422
7 0.068848 0.467285 0.147461 0.081055
7 0.000000 0.795410 0.083008 0.141113
7 0.000000 0.967285 0.163574 0.055176
7 0.000000 0.841797 0.099121 0.116211
7 0.403320 0.944336 0.055176 0.134766
7 1.000000 0.069336 0.073730 0.124023
7 1.000000 0.309082 0.099121 0.125488
7 1.000000 0.000000 0.161133 0.166992
7 1.000000 0.000000 0.096680 0.134766
7 1.000000 0.937012 0.115234 0.104004
7 0.710449 1.000000 0.101074 0.065918
7 1.000000 1.000000 0.167969 0.071777
7 0.045898 1.000000 0.066895 0.114746