7 0.000000 0.110840 0.110352 0.105469
7 0.000000 0.000000 0.138184 0.050293
7 0.000000 0.448730 0.117188 0.122559
7 0.000000 0.580566 0.057617 0.125488
7 0.254395 0.614746 0.108398 0.067383
7 0.000000 1.000000 0.071289 0.145508
7 0.000000 1.000000 0.064453 0.134766
7 0.030762 1.000000 0.142578 0.094727
7 0.824219 0.909180 0.124512 0.078125
7 0.604980 0.546875 0.110352 0.075195
7 0.766602 0.000000 0.092285 0.122559
7 0.538086 0.000000 0.064453 0.136230
7 1.000000 0.757324 0.092285 0.114746
7 1.000000 1.000000 0.103516 0.108887
7 1.000000 1.000000 0.066895 0.133301
7 1.000000 1.000000 0.073730 0.088867
7 1.000000 1.000000 0.115234 0.185547
7 0.000000 0.648438 0.066895 0.101074
7 0.000000 0.606934 0.133789 0.045898