7 0.000000 0.000000 0.214355 0.073242
7 0.000000 0.580566 0.188965 0.068848
7 0.023926 0.685059 0.186523 0.090332
7 0.189941 0.480957 0.186523 0.082520
7 0.210449 0.058594 0.163574 0.075195
7 0.208496 0.000000 0.161133 0.145508
7 0.028320 0.026367 0.083008 0.156250
7 0.863770 0.471680 0.071289 0.196289
7 0.563477 0.781738 0.188965 0.165527
7 1.000000 0.666504 0.101074 0.176270
7 1.000000 1.000000 0.193359 0.223633
7 1.000000 0.635742 0.068848 0.165527
7 0.909668 1.000000 0.145020 0.161133
7 0.762207 1.000000 0.128906 0.212891
7 0.328125 1.000000 0.084961 0.128906