7 0.505859 0.000000 0.094238 0.082520
7 0.000000 0.372070 0.055176 0.119629
7 0.000000 0.496582 0.108398 0.118164
7 0.053711 0.591797 0.103516 0.070312
7 1.000000 0.000000 0.112793 0.122559
7 1.000000 0.000000 0.099121 0.098145
7 0.935059 0.364746 0.115234 0.036621
7 1.000000 0.459473 0.177246 0.044434
7 0.881836 0.613281 0.112793 0.104004
7 0.761719 0.720703 0.034180 0.088867
7 0.219727 1.000000 0.068848 0.079590
7 0.501465 1.000000 0.112793 0.087402
7 0.000000 1.000000 0.112793 0.102539
7 0.000000 0.937012 0.119629 0.104004
7 0.686035 1.000000 0.075684 0.110352
7 0.519531 1.000000 0.080566 0.118164
7 1.000000 1.000000 0.078125 0.142578
7 1.000000 1.000000 0.142578 0.071777
7 0.731934 0.109863 0.108398 0.088867
7 0.000000 0.000000 0.122070 0.082520
7 0.000000 0.000000 0.138184 0.081055
7 1.000000 0.241699 0.087402 0.102539
7 0.000000 0.181641 0.092285 0.073242
7 0.000000 0.014648 0.083008 0.118164
7 0.000000 0.000000 0.096680 0.124023
7 1.000000 0.711426 0.108398 0.050293
7 0.392578 0.958496 0.099121 0.055176
10 0.000000 0.920410 0.117188 0.096680