7 0.000000 0.000000 0.119629 0.079590
7 0.000000 0.000000 0.071289 0.151855
7 0.000000 0.000000 0.105957 0.088867
7 0.158691 0.042480 0.119629 0.076660
7 0.338867 0.154785 0.062012 0.111816
7 0.000000 0.489258 0.043457 0.161133
7 0.000000 0.666016 0.103516 0.067383
7 0.000000 0.461426 0.140625 0.050293
7 0.000000 0.914551 0.126465 0.113281
7 0.000000 1.000000 0.145020 0.067383
7 0.034180 0.871582 0.059570 0.094727
7 0.415039 0.474121 0.084961 0.065918
7 0.454102 0.764160 0.115234 0.051758
7 0.500488 0.702637 0.145020 0.087402
7 0.338867 1.000000 0.045898 0.119629
7 0.170410 1.000000 0.151855 0.055176
7 0.419434 1.000000 0.087402 0.111816
7 0.535156 0.976074 0.083008 0.065918
7 0.825684 0.871582 0.073730 0.096680
7 0.507324 0.358887 0.075684 0.070312
7 0.774902 0.203613 0.084961 0.096680
7 0.908691 0.000000 0.083008 0.110352
7 1.000000 0.248047 0.096680 0.107422
7 1.000000 0.608887 0.156738 0.062500
7 1.000000 0.306641 0.062012 0.142578
7 1.000000 0.925293 0.133789 0.059570
7 1.000000 1.000000 0.117188 0.073242
7 0.000000 0.300293 0.154297 0.101074