7 0.000000 0.000000 0.117188 0.064453
7 0.000000 0.000000 0.119629 0.055176
7 0.000000 0.187500 0.138184 0.058105
7 0.100586 0.251953 0.050293 0.114746
7 0.172363 0.304199 0.073730 0.116211
7 0.149414 0.000000 0.083008 0.071777
7 0.000000 0.000000 0.057617 0.168457
7 0.190918 0.000000 0.124512 0.048828
7 0.239258 0.000000 0.145020 0.087402
7 0.271484 0.113770 0.087402 0.076660
7 0.869141 0.000000 0.170410 0.079590
7 0.670410 0.000000 0.103516 0.059570
7 0.527832 0.014160 0.078125 0.131836
7 0.869141 0.666504 0.154297 0.062500
7 1.000000 0.703125 0.117188 0.114746
7 1.000000 0.912109 0.119629 0.030273
7 1.000000 1.000000 0.161133 0.071777
7 0.869141 1.000000 0.101074 0.108887
7 0.442383 1.000000 0.075684 0.064453
7 0.589844 1.000000 0.115234 0.099609
7 1.000000 0.000000 0.083008 0.051758
7 0.898926 0.196777 0.117188 0.068848
7 1.000000 0.000000 0.133789 0.053711
7 1.000000 0.480469 0.145020 0.042969
7 0.000000 0.018555 0.064453 0.098145