7 0.254395 0.000000 0.124512 0.081055
7 0.429688 0.000000 0.059570 0.134766
7 0.000000 0.171875 0.059570 0.154785
7 0.000000 0.335938 0.122070 0.073242
7 0.000000 0.146973 0.175293 0.039551
7 0.157227 0.527832 0.052734 0.090332
7 0.282227 0.719727 0.149902 0.048828
7 0.438965 0.779785 0.041504 0.119629
7 0.519531 0.817871 0.080566 0.126953
7 0.496582 0.166992 0.108398 0.064453
7 0.602539 0.050293 0.075684 0.083984
7 0.000000 0.000000 0.142578 0.081055
7 0.201172 1.000000 0.057617 0.126953
7 0.542969 0.428223 0.135742 0.056641
7 0.595703 0.361816 0.140625 0.076660
7 0.621094 0.633789 0.073730 0.064453
7 0.900391 0.520020 0.087402 0.094727
7 1.000000 0.275879 0.156738 0.056641
7 1.000000 0.000000 0.083008 0.111816
7 0.840332 0.000000 0.073730 0.102539
7 1.000000 1.000000 0.119629 0.024414
7 1.000000 1.000000 0.117188 0.028809
7 0.000000 0.962402 0.135742 0.056641
7 1.000000 0.279297 0.105957 0.045898
7 0.000000 0.773438 0.112793 0.073242
7 0.000000 0.572266 0.103516 0.093262
7 0.000000 0.420410 0.099121 0.101074
7 1.000000 0.000000 0.066895 0.177734
7 1.000000 0.756348 0.096680 0.081055
7 0.508301 1.000000 0.055176 0.177734
7 0.314453 0.945312 0.135742 0.044434