7 0.666504 1.000000 0.064453 0.107422
7 0.470215 0.908691 0.112793 0.088867
7 0.373535 0.825684 0.108398 0.070312
7 0.172852 0.911621 0.034180 0.110352
7 0.000000 0.830078 0.138184 0.094727
7 0.000000 1.000000 0.126465 0.116211
7 0.000000 0.351074 0.110352 0.087402
7 0.000000 0.245605 0.075684 0.134766
7 0.000000 0.447754 0.099121 0.065918
7 0.458984 0.000000 0.122070 0.107422
7 1.000000 0.000000 0.087402 0.114746
7 1.000000 0.073242 0.080566 0.108887
7 0.911133 0.219238 0.128906 0.053711
7 1.000000 0.312988 0.177246 0.059570
7 0.860352 0.466309 0.108398 0.116211
7 0.735840 0.583008 0.041504 0.101074
7 1.000000 1.000000 0.159180 0.055176
7 1.000000 1.000000 0.059570 0.124023
7 0.685059 0.000000 0.087402 0.073242
7 0.398926 0.225586 0.050293 0.041016
7 0.000000 0.000000 0.140625 0.079590
7 0.000000 0.000000 0.122070 0.058105
7 0.000000 0.000000 0.066895 0.148438
7 0.396484 0.012207 0.034180 0.121094
7 0.147461 0.000000 0.112793 0.094727
7 1.000000 0.553711 0.110352 0.033691
7 0.887695 1.000000 0.096680 0.088867
7 0.184082 0.564453 0.075684 0.105469
7 0.396484 1.000000 0.099121 0.111816
10 0.000000 0.790527 0.133789 0.093262