7 0.000000 0.000000 0.059570 0.082520
7 0.000000 0.000000 0.092285 0.113281
7 0.000000 0.385742 0.064453 0.108887
7 0.000000 1.000000 0.068848 0.118164
7 0.000000 1.000000 0.092285 0.099609
7 0.007324 0.904785 0.117188 0.058105
7 0.441406 0.266113 0.138184 0.045898
7 0.051270 0.223145 0.062012 0.119629
7 0.879395 0.479492 0.103516 0.061035
7 0.642090 0.402832 0.101074 0.064453
7 1.000000 1.000000 0.177246 0.073242
7 1.000000 1.000000 0.138184 0.068848
7 1.000000 1.000000 0.101074 0.076660
7 1.000000 0.903320 0.073730 0.128906
7 1.000000 0.813965 0.170410 0.104004
7 0.131836 0.791016 0.094238 0.081055
7 0.150391 0.531738 0.112793 0.055176