7 0.000000 0.000000 0.117188 0.130371
7 0.251953 0.000000 0.071289 0.153320
7 1.000000 0.072266 0.110352 0.091797
7 1.000000 0.000000 0.105957 0.114746
7 1.000000 0.166016 0.159180 0.068848
7 1.000000 0.104492 0.103516 0.156250
7 0.669922 0.678711 0.110352 0.104004
7 0.441406 0.450195 0.084961 0.130371
7 0.000000 0.737305 0.117188 0.087402
7 0.000000 0.890625 0.119629 0.055176
7 0.058594 1.000000 0.119629 0.071777
7 0.210449 1.000000 0.140625 0.030273
7 0.056152 1.000000 0.149902 0.119629
7 0.000000 1.000000 0.083008 0.044434
7 1.000000 1.000000 0.142578 0.055176
7 1.000000 0.873535 0.145020 0.094727
7 0.434570 0.991699 0.083008 0.102539
7 0.528809 0.000000 0.048340 0.168457
7 0.399902 0.000000 0.119629 0.110352
7 0.000000 0.000000 0.112793 0.073242
7 0.000000 0.113770 0.151855 0.062500
7 1.000000 0.760254 0.159180 0.067383