7 0.000000 0.000000 0.126465 0.096680
7 0.000000 0.000000 0.099121 0.102539
7 0.141602 0.146484 0.138184 0.075195
7 0.298340 0.229492 0.154297 0.048828
7 0.123047 0.365723 0.103516 0.114746
7 0.000000 0.479492 0.059570 0.073242
7 0.000000 0.791016 0.078125 0.116211
7 0.000000 1.000000 0.080566 0.118164
7 0.420410 0.916992 0.068848 0.099609
7 0.814941 0.959961 0.128906 0.056641
7 0.653320 0.000000 0.096680 0.093262
7 0.766602 0.000000 0.112793 0.124023
7 1.000000 0.000000 0.122070 0.085938
7 1.000000 0.000000 0.112793 0.085938
7 1.000000 1.000000 0.138184 0.062500
7 1.000000 1.000000 0.080566 0.113281
7 0.000000 0.335449 0.138184 0.067383
7 1.000000 0.146484 0.151855 0.053711
7 0.501465 0.021973 0.080566 0.098145