7 0.000000 0.000000 0.191406 0.068848
7 0.000000 0.000000 0.080566 0.189941
7 0.000000 0.000000 0.138184 0.071777
7 0.164551 0.000000 0.115234 0.090332
7 0.250000 0.000000 0.055176 0.088867
7 0.215332 0.036621 0.133789 0.041016
7 0.261719 0.000000 0.126465 0.076660
7 0.000000 0.142578 0.052734 0.102539
7 0.000000 0.315918 0.138184 0.058105
7 0.121094 0.366699 0.052734 0.125488
7 0.197266 0.411133 0.073730 0.116211
7 0.296387 0.237793 0.092285 0.062500
7 0.549805 0.133301 0.075684 0.126953
7 0.863770 0.000000 0.142578 0.061035
7 0.958496 0.633789 0.096680 0.042969
7 0.889160 0.778320 0.135742 0.053711
7 0.000000 0.824219 0.075684 0.126953
7 0.000000 1.000000 0.084961 0.102539
7 0.000000 0.532715 0.087402 0.030273
7 0.464844 1.000000 0.101074 0.085938
7 0.895996 1.000000 0.096680 0.107422
7 1.000000 1.000000 0.087402 0.039551
7 1.000000 0.805664 0.112793 0.075195
7 1.000000 0.115234 0.110352 0.050293
7 1.000000 0.000000 0.195801 0.078125
7 1.000000 0.013672 0.149902 0.056641
7 0.928223 0.322266 0.089844 0.065918
7 0.000000 0.164062 0.110352 0.099609
7 0.000000 1.000000 0.103516 0.075195