7 0.043457 0.293945 0.080566 0.070312
7 0.253418 0.461426 0.064453 0.056641
7 1.000000 0.285156 0.094238 0.107422
7 0.772461 0.039551 0.062012 0.113281
7 0.864746 0.057617 0.064453 0.099609
7 0.454102 0.720703 0.122070 0.062500
7 0.597168 0.796387 0.147461 0.050293
7 0.836914 0.593750 0.075684 0.101074
7 1.000000 0.364746 0.105957 0.064453
7 1.000000 0.748535 0.147461 0.059570
7 0.031738 1.000000 0.119629 0.091797
7 0.000000 1.000000 0.059570 0.093262
7 0.000000 0.740723 0.071289 0.110352
7 0.000000 0.559570 0.087402 0.070312
7 0.000000 0.172852 0.115234 0.073242
7 0.000000 0.000000 0.092285 0.071777
7 0.000000 0.000000 0.094238 0.098145
7 0.000000 0.937500 0.115234 0.062500
7 0.421875 0.941895 0.092285 0.094727
7 0.304199 1.000000 0.068848 0.101074
7 1.000000 0.000000 0.149902 0.082520
7 1.000000 0.000000 0.096680 0.061035
7 1.000000 1.000000 0.103516 0.079590
7 0.867188 1.000000 0.099121 0.028809
7 0.000000 0.000000 0.147461 0.073242
7 0.000000 0.000000 0.101074 0.059570
7 1.000000 0.160645 0.068848 0.044434
7 0.000000 0.722656 0.073730 0.044434
7 0.000000 0.283203 0.128906 0.058105
7 0.000000 0.855957 0.094238 0.093262
10 0.000000 1.000000 0.124512 0.098145