7 0.000000 0.000000 0.084961 0.130371
7 0.639648 0.000000 0.055176 0.156250
7 0.902832 0.000000 0.052734 0.214844
7 1.000000 0.019531 0.159180 0.083984
7 1.000000 0.000000 0.179688 0.091797
7 1.000000 0.129883 0.166016 0.102539
7 0.928223 0.605957 0.101074 0.119629
7 0.302734 0.984863 0.122070 0.073242
7 0.464355 1.000000 0.161133 0.078125
7 0.266113 1.000000 0.112793 0.096680
7 0.132324 1.000000 0.059570 0.079590
7 0.000000 0.538574 0.101074 0.098145
7 0.129883 0.717773 0.073730 0.070312
7 0.000000 0.931152 0.075684 0.108887
7 0.000000 1.000000 0.112793 0.118164
7 0.000000 1.000000 0.117188 0.081055
7 0.000000 0.000000 0.096680 0.059570
7 0.092773 0.000000 0.112793 0.098145
7 1.000000 1.000000 0.184570 0.091797
7 0.743652 0.364746 0.110352 0.107422
7 0.000000 0.000000 0.151855 0.056641