7 0.615723 0.000000 0.083008 0.148438
7 0.000000 0.000000 0.084961 0.142578
7 0.899414 0.000000 0.052734 0.148438
7 1.000000 0.000000 0.145020 0.114746
7 1.000000 0.000000 0.122070 0.105469
7 1.000000 0.000000 0.151855 0.116211
7 1.000000 0.000000 0.161133 0.079590
7 1.000000 0.547852 0.099121 0.094727
7 0.834961 0.357422 0.078125 0.126953
7 0.066406 0.672363 0.124512 0.081055
7 0.520996 1.000000 0.117188 0.081055
7 0.666504 1.000000 0.156738 0.071777
7 0.507324 1.000000 0.094238 0.124023
7 0.387207 1.000000 0.073730 0.094727
7 1.000000 0.973145 0.147461 0.056641
7 0.094238 0.000000 0.112793 0.061035
7 0.000000 0.064453 0.108398 0.087402
7 0.000000 0.355957 0.071289 0.083984
7 0.862793 0.873535 0.094238 0.101074
7 0.000000 1.000000 0.119629 0.107422
7 0.000000 1.000000 0.092285 0.088867
7 1.000000 0.603027 0.131348 0.059570