7 0.000000 0.032715 0.175293 0.189941
7 0.000000 0.000000 0.154297 0.228516
7 0.000000 1.000000 0.260254 0.085938
7 0.000000 1.000000 0.092285 0.248535
7 0.711426 0.313477 0.200684 0.159180
7 0.875000 0.709961 0.177246 0.099609
7 0.983887 0.695801 0.122070 0.179199
7 1.000000 0.143066 0.221191 0.110352
7 1.000000 0.752930 0.179688 0.184082
7 1.000000 1.000000 0.267578 0.194824
7 0.598145 1.000000 0.161133 0.104004
9 0.000000 0.000000 0.214355 0.237793
9 0.000000 0.413574 0.184570 0.199219
9 0.300781 1.000000 0.184570 0.256348
9 1.000000 0.579102 0.205078 0.219238
9 1.000000 0.157227 0.140625 0.208496