7 0.000000 1.000000 0.119629 0.118164
7 0.000000 0.464844 0.108398 0.087402
7 0.506836 0.000000 0.103516 0.082520
7 0.917480 0.377441 0.126465 0.065918
7 1.000000 0.455566 0.135742 0.056641
7 0.873535 0.593750 0.110352 0.083984
7 0.749023 0.710449 0.059570 0.076660
7 0.195312 1.000000 0.052734 0.104004
7 0.000000 0.902344 0.112793 0.079590
7 0.479004 1.000000 0.145020 0.087402
7 0.656738 1.000000 0.068848 0.118164
7 0.000000 0.000000 0.083008 0.113281
7 0.000000 0.000000 0.112793 0.091797
7 0.000000 0.000000 0.151855 0.091797
7 0.000000 0.352539 0.078125 0.122559
7 1.000000 0.000000 0.083008 0.134766
7 1.000000 0.000000 0.119629 0.087402
7 0.716797 0.093262 0.083008 0.078125
7 1.000000 1.000000 0.071289 0.133301
7 1.000000 1.000000 0.145020 0.068848
7 0.370605 0.940430 0.092285 0.058105
7 0.045410 0.562988 0.103516 0.065918
7 0.121582 0.635254 0.050293 0.067383
7 0.232422 0.701172 0.105957 0.145508
7 0.000000 0.164062 0.094238 0.058105
7 0.000000 0.002930 0.071289 0.113281
7 1.000000 0.242188 0.071289 0.090332
7 0.486328 1.000000 0.101074 0.133301
10 0.000000 0.874512 0.128906 0.111816