7 0.412598 0.000000 0.147461 0.076660
7 0.564941 0.000000 0.142578 0.075195
7 0.380371 0.000000 0.103516 0.105469
7 0.246094 0.078125 0.045898 0.093262
7 0.000000 0.348145 0.126465 0.073242
7 0.000000 0.533691 0.105957 0.122559
7 0.135742 0.639648 0.052734 0.098145
7 0.000000 0.312988 0.064453 0.108887
7 0.000000 0.929688 0.142578 0.150391
7 0.000000 1.000000 0.062012 0.102539
7 0.000000 1.000000 0.110352 0.088867
7 0.174805 1.000000 0.057617 0.133301
7 0.543945 1.000000 0.138184 0.114746
7 0.666016 1.000000 0.110352 0.091797
7 1.000000 0.601562 0.131348 0.071777
7 0.647949 0.541504 0.068848 0.131836
7 1.000000 0.773438 0.156738 0.062500
7 1.000000 0.894531 0.126465 0.064453
7 1.000000 0.811523 0.089844 0.101074
7 0.804688 0.000000 0.084961 0.126953
7 0.000000 0.000000 0.122070 0.050293