7 0.000000 0.000000 0.110352 0.144043
7 0.000000 0.000000 0.117188 0.101074
7 0.000000 0.085938 0.094238 0.110352
7 0.000000 1.000000 0.135742 0.108887
7 0.000000 0.959473 0.084961 0.091797
7 0.000000 0.620117 0.096680 0.096680
7 0.692871 0.000000 0.108398 0.082520
7 0.086426 0.000000 0.126465 0.068848
7 0.339844 0.000000 0.092285 0.073242
7 1.000000 0.468262 0.128906 0.076660
7 1.000000 0.569336 0.198242 0.059570
7 1.000000 0.733398 0.112793 0.101074
7 1.000000 0.876465 0.057617 0.091797
7 0.014648 0.489746 0.062012 0.107422
7 0.000000 0.288574 0.078125 0.082520
7 0.000000 0.118164 0.055176 0.101074
7 0.058594 0.000000 0.159180 0.067383
7 1.000000 0.302246 0.094238 0.118164
7 0.718262 1.000000 0.115234 0.099609
7 0.584473 1.000000 0.110352 0.062500
7 0.386230 1.000000 0.055176 0.104004
7 0.395508 0.853516 0.075684 0.107422
7 0.194824 0.716797 0.117188 0.058105
7 0.000000 0.264160 0.055176 0.113281
7 0.000000 1.000000 0.105957 0.067383
7 0.363281 0.173340 0.110352 0.107422
7 0.635254 0.256348 0.062012 0.121094
7 0.958496 0.159668 0.103516 0.076660
7 1.000000 0.000000 0.142578 0.148438
7 1.000000 0.857910 0.142578 0.041016
7 1.000000 1.000000 0.151855 0.121094
10 0.000000 1.000000 0.128906 0.098145