7 0.000000 0.000000 0.062012 0.182617
7 0.000000 0.000000 0.122070 0.076660
7 0.173828 0.000000 0.110352 0.091797
7 0.222168 0.000000 0.103516 0.044434
7 0.277832 0.000000 0.138184 0.087402
7 0.298340 0.094727 0.099121 0.061035
7 0.153320 0.232910 0.089844 0.099609
7 0.000000 0.182129 0.135742 0.065918
7 0.000000 0.004395 0.045898 0.124023
7 0.889160 0.000000 0.151855 0.078125
7 0.699707 0.000000 0.103516 0.055176
7 0.547852 0.000000 0.075684 0.124023
7 0.000000 0.885254 0.078125 0.104004
7 0.000000 0.421875 0.126465 0.059570
7 0.000000 0.062500 0.119629 0.134766
7 0.000000 0.000000 0.149902 0.051758
7 0.905273 0.632324 0.089844 0.053711
7 0.983887 0.487793 0.101074 0.058105
7 0.944336 0.179199 0.071289 0.075195
7 1.000000 0.667480 0.112793 0.125488
7 1.000000 0.953125 0.161133 0.075195
7 1.000000 0.883789 0.105957 0.055176
7 0.925781 1.000000 0.073730 0.098145
7 0.482910 1.000000 0.092285 0.083984
7 0.628418 1.000000 0.092285 0.142578
7 0.030762 0.394043 0.112793 0.045898
7 1.000000 0.000000 0.101074 0.053711