7 0.000000 0.000000 0.138184 0.124023
7 0.000000 0.308594 0.055176 0.136230
7 0.051758 0.355957 0.101074 0.065918
7 0.420898 0.276367 0.126465 0.076660
7 0.607910 0.644531 0.128906 0.079590
7 0.799316 0.759766 0.055176 0.119629
7 0.000000 0.905762 0.145020 0.083984
7 0.000000 1.000000 0.126465 0.045898
7 0.000000 1.000000 0.080566 0.150391
7 0.178711 1.000000 0.105957 0.070312
7 0.312500 1.000000 0.064453 0.165527
7 0.884766 1.000000 0.105957 0.065918
7 0.983887 0.980957 0.087402 0.065918
7 1.000000 0.830566 0.108398 0.098145
7 0.974609 1.000000 0.170410 0.093262
7 1.000000 1.000000 0.149902 0.059570
7 1.000000 1.000000 0.211914 0.067383
7 1.000000 0.451172 0.119629 0.108887
7 0.563965 0.000000 0.115234 0.139648
7 0.000000 0.382324 0.128906 0.144043
7 0.000000 0.778320 0.084961 0.141113
7 0.000000 0.782715 0.083008 0.122559
7 1.000000 0.893555 0.078125 0.098145