7 0.000000 0.317383 0.080566 0.098145
7 0.000000 0.000000 0.122070 0.090332
7 0.000000 0.000000 0.034180 0.091797
7 0.000000 0.000000 0.094238 0.107422
7 0.185547 0.207031 0.055176 0.119629
7 0.570801 0.267090 0.112793 0.071777
7 0.764648 0.435547 0.101074 0.065918
7 0.282227 0.509277 0.105957 0.068848
7 0.067871 0.876465 0.105957 0.053711
7 0.000000 1.000000 0.078125 0.122559
7 0.000000 1.000000 0.101074 0.099609
7 0.000000 1.000000 0.084961 0.091797
7 1.000000 0.527832 0.110352 0.056641
7 1.000000 0.572266 0.083008 0.099609
7 1.000000 1.000000 0.163574 0.085938
7 0.217773 0.782715 0.101074 0.075195
7 1.000000 0.928223 0.167969 0.101074
7 0.808105 1.000000 0.108398 0.058105
7 0.409180 1.000000 0.041504 0.137695
7 0.000000 0.687500 0.140625 0.050293