7 0.425293 0.317871 0.122070 0.134766
7 0.286621 0.000000 0.050293 0.173340
7 0.549805 0.000000 0.059570 0.200684
7 0.000000 0.000000 0.124512 0.137695
7 0.000000 0.000000 0.138184 0.050293
7 0.000000 0.000000 0.124512 0.093262
7 0.000000 0.525391 0.105957 0.064453
7 0.000000 0.692383 0.068848 0.056641
7 0.000000 0.972168 0.140625 0.067383
7 0.162109 1.000000 0.170410 0.067383
7 0.000000 1.000000 0.105957 0.121094
7 0.000000 1.000000 0.055176 0.119629
7 0.609863 0.554199 0.096680 0.093262
7 1.000000 0.000000 0.145020 0.082520
7 1.000000 0.000000 0.115234 0.111816
7 1.000000 0.842773 0.119629 0.114746
7 1.000000 1.000000 0.175293 0.062500
7 1.000000 0.686523 0.145020 0.078125