7 0.000000 0.000000 0.103516 0.144043
7 0.657227 0.000000 0.115234 0.098145
7 0.055176 0.000000 0.101074 0.065918
7 0.024902 0.000000 0.140625 0.079590
7 0.000000 0.192383 0.078125 0.081055
7 0.000000 0.514648 0.094238 0.070312
7 0.167969 0.617676 0.124512 0.065918
7 1.000000 0.368652 0.140625 0.062500
7 1.000000 0.460938 0.182129 0.036621
7 1.000000 0.625000 0.112793 0.091797
7 1.000000 0.749512 0.151855 0.047363
7 1.000000 0.187500 0.094238 0.119629
7 0.913574 0.067871 0.084961 0.081055
7 0.334473 0.070801 0.131348 0.119629
7 0.000000 0.021973 0.059570 0.131836
7 0.000000 0.391602 0.050293 0.122559
7 0.000000 1.000000 0.112793 0.108887
7 0.000000 1.000000 0.124512 0.073242
7 0.560547 1.000000 0.122070 0.061035
7 0.685059 1.000000 0.135742 0.093262
7 0.364258 1.000000 0.064453 0.105469
7 1.000000 1.000000 0.075684 0.137695
7 0.980469 0.763184 0.039062 0.094727
7 0.000000 0.158691 0.057617 0.118164
7 0.368652 0.750977 0.083008 0.119629
10 0.000000 0.988770 0.126465 0.105469